0 0.494792 0.128241 0.100000 0.080556
0 0.694531 0.159722 0.102604 0.082407
0 0.778906 0.197685 0.096354 0.089815
1 0.601823 0.190278 0.103646 0.067593
0 0.879687 0.189815 0.104167 0.077778
0 0.685156 0.241667 0.105729 0.075926
1 0.784635 0.268981 0.096354 0.102778
1 0.592448 0.265278 0.102604 0.076852
1 0.491406 0.281019 0.097396 0.067593
0 0.884635 0.256481 0.103646 0.064815
0 0.389323 0.281019 0.096354 0.084259
0 0.684115 0.305093 0.103646 0.076852
0 0.783854 0.340741 0.098958 0.094444
0 0.589063 0.340741 0.094792 0.074074
0 0.887240 0.331944 0.110937 0.078704
0 0.485677 0.348148 0.104688 0.055556
0 0.684115 0.377778 0.108854 0.085185
0 0.582812 0.422222 0.106250 0.072222
0 0.900260 0.414352 0.117188 0.086111
0 0.479948 0.423148 0.104688 0.055556
1 0.690885 0.465741 0.105729 0.094444
1 0.581510 0.495833 0.108854 0.087963
0 0.901823 0.484259 0.117188 0.077778
1 0.791406 0.524074 0.109896 0.085185
1 0.680729 0.546759 0.103125 0.097222
0 0.575781 0.572685 0.104688 0.058333
1 0.470573 0.579167 0.104688 0.058333
0 0.896875 0.560648 0.110417 0.073148
0 0.785156 0.601389 0.107813 0.078704
0 0.678125 0.637963 0.105208 0.083333
1 0.573698 0.655093 0.104688 0.060185
1 0.467187 0.671296 0.105208 0.079630
1 0.908333 0.651852 0.122917 0.079630
0 0.794271 0.673148 0.101042 0.085185
0 0.576823 0.738426 0.104688 0.062037
0 0.467448 0.745833 0.104688 0.062037
1 0.916927 0.743056 0.118229 0.089815
1 0.800781 0.764352 0.121354 0.104630
1 0.690885 0.810185 0.102604 0.088889
0 0.583073 0.825463 0.104688 0.063889
0 0.470833 0.839815 0.102083 0.085185
0 0.919531 0.827778 0.123438 0.090741
0 0.573698 0.917593 0.104688 0.066667
0 0.875000 0.108796 0.101042 0.078704
0 0.391927 0.127315 0.101562 0.082407
0 0.406510 0.212963 0.104688 0.083333
0 0.385677 0.356944 0.104688 0.056481
1 0.791406 0.426389 0.103646 0.097222
0 0.375781 0.431019 0.104688 0.054630
1 0.477083 0.500926 0.104167 0.072222
0 0.372135 0.508796 0.104688 0.056481
0 0.365885 0.587963 0.104688 0.059259
0 0.360156 0.671759 0.104688 0.060185
0 0.359115 0.755093 0.104688 0.062037
0 0.361719 0.843056 0.104688 0.065741
0 0.458594 0.937500 0.108854 0.084259
0 0.341667 0.935185 0.110417 0.096296
0 0.586198 0.113889 0.104688 0.064815
1 0.502344 0.206481 0.096354 0.077778
1 0.691406 0.888889 0.102604 0.088889
1 0.685156 0.712500 0.115104 0.091667
1 0.687760 0.088426 0.102604 0.082407
1 0.772135 0.101389 0.102604 0.082407
1 0.801823 0.844907 0.121354 0.104630
0 0.930208 0.922222 0.114583 0.092593
0 0.817448 0.937037 0.123438 0.090741
