0 0.247396 0.070833 0.102083 0.071296
0 0.448437 0.129630 0.092708 0.072222
1 0.550000 0.134722 0.101042 0.076852
1 0.336458 0.137963 0.096875 0.068519
1 0.328906 0.208796 0.092188 0.069444
1 0.132031 0.206019 0.102604 0.073148
1 0.529167 0.210648 0.096875 0.067593
0 0.661979 0.210185 0.102083 0.075926
0 0.545052 0.281019 0.093229 0.063889
0 0.645052 0.281019 0.100521 0.073148
1 0.232031 0.289815 0.105729 0.070370
0 0.539323 0.351389 0.096354 0.075000
0 0.640365 0.357407 0.099479 0.074074
1 0.566927 0.431481 0.102604 0.077778
0 0.668750 0.435185 0.101042 0.075926
0 0.559635 0.508333 0.102604 0.074074
1 0.665625 0.511574 0.103125 0.071296
1 0.214062 0.516204 0.108333 0.076852
0 0.567187 0.591204 0.106250 0.075000
1 0.459896 0.587037 0.104167 0.077778
0 0.674740 0.592130 0.108854 0.076852
0 0.543229 0.669444 0.104167 0.072222
1 0.326302 0.666204 0.106771 0.076852
0 0.208073 0.686574 0.116146 0.102778
0 0.651563 0.671759 0.103125 0.078704
0 0.094271 0.698611 0.108333 0.089815
0 0.506250 0.749537 0.104167 0.076852
0 0.613802 0.753704 0.104688 0.077778
1 0.722135 0.759722 0.105729 0.086111
1 0.464844 0.842593 0.105729 0.081481
0 0.574479 0.842130 0.105208 0.089815
1 0.575000 0.936111 0.111458 0.085185
1 0.461458 0.929630 0.110417 0.085185
0 0.146615 0.064815 0.097396 0.066667
0 0.138021 0.131481 0.103125 0.068519
1 0.238802 0.142593 0.103646 0.068519
0 0.427604 0.202315 0.093750 0.071296
0 0.232292 0.215278 0.098958 0.071296
0 0.435156 0.275463 0.100521 0.063889
0 0.126302 0.282870 0.105729 0.054630
0 0.335417 0.281944 0.100000 0.067593
0 0.437240 0.350463 0.100521 0.076852
0 0.336198 0.350926 0.099479 0.075926
1 0.343490 0.428704 0.100521 0.077778
0 0.225000 0.437963 0.103125 0.077778
0 0.461719 0.425463 0.100521 0.071296
0 0.114844 0.433333 0.105729 0.055556
0 0.327344 0.501852 0.103646 0.075926
1 0.108594 0.507407 0.102604 0.079630
0 0.451823 0.505093 0.104688 0.075000
1 0.102604 0.593981 0.105208 0.080556
0 0.216406 0.598611 0.118229 0.095370
0 0.437240 0.663426 0.104688 0.078704
0 0.397396 0.748148 0.104167 0.074074
0 0.222917 0.829630 0.118750 0.087037
0 0.351302 0.839352 0.105729 0.084259
1 0.120052 0.925463 0.110937 0.099074
0 0.118490 0.349537 0.109896 0.071296
0 0.227083 0.362037 0.105208 0.070370
0 0.326562 0.582870 0.110417 0.086111
0 0.283594 0.748148 0.111979 0.075926
0 0.088802 0.827315 0.118229 0.100926
1 0.234375 0.928241 0.116667 0.093519
1 0.350260 0.933333 0.110937 0.087037
1 0.689063 0.939815 0.111458 0.085185
1 0.688542 0.846296 0.111458 0.085185
