0 0.386719 0.120833 0.101562 0.056481
0 0.587760 0.124537 0.101562 0.058333
1 0.872656 0.136574 0.101562 0.054630
0 0.487760 0.193056 0.101562 0.054630
1 0.386198 0.201389 0.101562 0.054630
0 0.586198 0.195370 0.101562 0.055556
1 0.781510 0.195833 0.101562 0.056481
0 0.684115 0.202778 0.101562 0.055556
0 0.880469 0.206944 0.101562 0.052778
0 0.384635 0.262500 0.101562 0.054630
1 0.485156 0.265278 0.101562 0.054630
1 0.782552 0.265741 0.101562 0.055556
0 0.584115 0.265741 0.101562 0.053704
0 0.883594 0.277315 0.101562 0.054630
1 0.681771 0.270833 0.101042 0.069444
1 0.388281 0.336111 0.101562 0.055556
0 0.787240 0.338889 0.091146 0.074074
0 0.589323 0.339815 0.101562 0.055556
0 0.488802 0.338889 0.101562 0.055556
0 0.891406 0.349074 0.101562 0.053704
1 0.689063 0.344907 0.102083 0.075000
0 0.484115 0.413426 0.101562 0.054630
1 0.586719 0.414352 0.101562 0.056481
1 0.793490 0.414815 0.101562 0.055556
0 0.897656 0.424537 0.101562 0.054630
1 0.688542 0.423148 0.102083 0.070370
1 0.588281 0.487963 0.101562 0.059259
1 0.487500 0.485185 0.098958 0.066667
1 0.799219 0.485185 0.099479 0.066667
0 0.902344 0.501852 0.101562 0.053704
0 0.694531 0.504167 0.101562 0.056481
0 0.595052 0.562500 0.101562 0.058333
1 0.489844 0.569444 0.101562 0.057407
0 0.805469 0.571759 0.101562 0.058333
1 0.700260 0.575926 0.101562 0.075926
0 0.597656 0.643981 0.101562 0.058333
1 0.491406 0.648148 0.101562 0.059259
0 0.811719 0.653704 0.101562 0.059259
1 0.916927 0.667130 0.101562 0.056481
1 0.702865 0.662037 0.102604 0.081481
0 0.490365 0.732407 0.101562 0.061111
0 0.599219 0.727778 0.101562 0.061111
1 0.811979 0.743519 0.109375 0.072222
0 0.705990 0.747222 0.104688 0.075926
1 0.923177 0.756481 0.101562 0.057407
0 0.601302 0.814352 0.101562 0.063889
0 0.491406 0.819444 0.101562 0.062963
0 0.377344 0.831019 0.104688 0.075000
0 0.707292 0.836111 0.105208 0.083333
0 0.928906 0.843519 0.101562 0.061111
0 0.491927 0.909259 0.101562 0.066667
1 0.379948 0.921759 0.101562 0.067593
0 0.682292 0.125926 0.091667 0.062963
0 0.382552 0.412037 0.101562 0.055556
0 0.382552 0.489815 0.101562 0.055556
0 0.910677 0.583333 0.101562 0.055556
0 0.384635 0.572222 0.101562 0.057407
0 0.366406 0.657407 0.101562 0.059259
0 0.382031 0.747222 0.101562 0.061111
1 0.816146 0.833333 0.110417 0.081481
0 0.494010 0.120833 0.091146 0.071296
0 0.598698 0.908796 0.101562 0.073148
0 0.708333 0.927315 0.104167 0.086111
0 0.821354 0.921759 0.104167 0.086111
0 0.934375 0.932870 0.104167 0.086111
1 0.775000 0.130556 0.091667 0.062963
