1 0.355469 0.916204 0.111979 0.089815
1 0.778385 0.111111 0.106771 0.068519
1 0.474479 0.125463 0.102083 0.076852
1 0.877083 0.131944 0.095833 0.075000
0 0.583333 0.187037 0.100000 0.088889
0 0.778906 0.189352 0.095312 0.075000
0 0.482292 0.200463 0.089583 0.063889
1 0.681510 0.196759 0.100521 0.069444
1 0.879948 0.200463 0.099479 0.071296
0 0.782031 0.261111 0.101562 0.075926
1 0.385677 0.268056 0.101562 0.073148
0 0.683594 0.272222 0.097396 0.068519
0 0.487500 0.270833 0.097917 0.071296
1 0.584896 0.275463 0.100000 0.067593
0 0.880469 0.274537 0.103646 0.065741
0 0.782031 0.344907 0.098437 0.073148
0 0.683854 0.344444 0.104167 0.055556
0 0.583333 0.350926 0.093750 0.074074
0 0.888542 0.350463 0.108333 0.073148
1 0.486198 0.347685 0.100521 0.067593
0 0.224219 0.393519 0.109896 0.129630
0 0.376042 0.412037 0.104167 0.081481
0 0.681771 0.419907 0.104167 0.056481
0 0.579167 0.420833 0.104167 0.056481
1 0.785156 0.421296 0.102604 0.070370
0 0.479167 0.423148 0.100000 0.081481
0 0.890104 0.421759 0.104167 0.071296
0 0.792188 0.498611 0.096875 0.082407
0 0.690104 0.497685 0.104167 0.056481
1 0.579948 0.501389 0.101562 0.082407
1 0.898177 0.497685 0.104688 0.080556
0 0.474479 0.506019 0.104167 0.056481
1 0.366146 0.570833 0.101042 0.082407
0 0.902604 0.579630 0.104167 0.074074
1 0.689583 0.574074 0.100000 0.083333
0 0.580729 0.579167 0.104167 0.058333
1 0.476562 0.581019 0.101042 0.080556
0 0.795573 0.586574 0.101562 0.082407
1 0.359896 0.655556 0.108333 0.081481
0 0.579167 0.660185 0.104167 0.059259
1 0.691406 0.657407 0.103646 0.087037
0 0.472396 0.659722 0.104167 0.075000
0 0.800260 0.665741 0.108854 0.081481
0 0.693490 0.737963 0.100521 0.074074
0 0.474219 0.743519 0.101562 0.083333
0 0.581771 0.744907 0.104167 0.062037
0 0.802344 0.755556 0.114062 0.083333
0 0.693750 0.823148 0.109375 0.079630
0 0.583854 0.831481 0.104167 0.062963
0 0.470833 0.829167 0.106250 0.087963
1 0.470052 0.924074 0.107813 0.088889
0 0.807031 0.840741 0.115104 0.092593
0 0.678125 0.113889 0.096875 0.101852
0 0.379427 0.190741 0.105729 0.079630
0 0.382812 0.341204 0.103125 0.062037
0 0.370833 0.492593 0.104167 0.057407
1 0.285938 0.465278 0.061458 0.187963
0 0.360417 0.741204 0.104167 0.082407
0 0.358073 0.826389 0.107813 0.086111
1 0.583073 0.922222 0.107813 0.088889
1 0.695312 0.919444 0.112500 0.100000
1 0.811458 0.933333 0.114583 0.094444
1 0.921875 0.938426 0.115625 0.093519
1 0.918229 0.849074 0.111458 0.085185
0 0.914323 0.761111 0.114062 0.083333
0 0.909635 0.671296 0.114062 0.083333
