0 0.331771 0.162037 0.097917 0.085185
0 0.431510 0.200463 0.100521 0.089815
1 0.646354 0.275926 0.102083 0.070370
0 0.430729 0.275000 0.093750 0.081481
0 0.535417 0.351389 0.103125 0.076852
1 0.644792 0.352778 0.110417 0.077778
1 0.742969 0.422222 0.106771 0.081481
0 0.530990 0.427315 0.100521 0.075000
0 0.633594 0.430556 0.101562 0.077778
0 0.424479 0.431481 0.098958 0.072222
1 0.746354 0.499074 0.106250 0.075926
0 0.528385 0.508796 0.102604 0.076852
1 0.633854 0.510185 0.104167 0.072222
0 0.424479 0.500000 0.100000 0.079630
1 0.740885 0.582870 0.101562 0.076852
0 0.527344 0.585185 0.105729 0.077778
1 0.422135 0.581481 0.098437 0.079630
1 0.632031 0.587963 0.101562 0.070370
1 0.530729 0.667593 0.105208 0.092593
1 0.747917 0.670370 0.105208 0.079630
0 0.639062 0.669907 0.106250 0.067593
0 0.201563 0.711574 0.116667 0.125000
1 0.646875 0.933333 0.113542 0.092593
0 0.522135 0.752315 0.104688 0.089815
1 0.741146 0.753704 0.109375 0.081481
0 0.634375 0.753241 0.106250 0.078704
1 0.093750 0.739815 0.116667 0.079630
0 0.417969 0.837037 0.110937 0.083333
0 0.529948 0.838426 0.110937 0.089815
0 0.301042 0.926852 0.117708 0.087037
0 0.640885 0.837037 0.105729 0.081481
0 0.752604 0.845833 0.114583 0.078704
1 0.534375 0.935185 0.107292 0.083333
0 0.421094 0.931019 0.114062 0.097222
0 0.140885 0.106481 0.102604 0.079630
0 0.236198 0.135185 0.090104 0.094444
0 0.133854 0.182407 0.108333 0.066667
1 0.126562 0.258796 0.092708 0.071296
1 0.531510 0.281019 0.096354 0.073148
1 0.226302 0.287963 0.096354 0.083333
1 0.126042 0.333796 0.102083 0.075000
0 0.428385 0.357407 0.099479 0.075926
0 0.222396 0.362037 0.092708 0.081481
0 0.117969 0.411111 0.105729 0.074074
0 0.323698 0.391667 0.098437 0.088889
1 0.221875 0.443981 0.100000 0.075000
1 0.110417 0.492130 0.113542 0.071296
0 0.216667 0.525926 0.102083 0.070370
1 0.104167 0.568981 0.110417 0.078704
0 0.314844 0.643519 0.102604 0.075926
0 0.214323 0.622685 0.108854 0.087963
0 0.421354 0.661111 0.102083 0.081481
0 0.100781 0.661574 0.118229 0.087963
0 0.412760 0.752315 0.106771 0.084259
0 0.192969 0.825926 0.116146 0.085185
0 0.080469 0.827315 0.110937 0.080556
0 0.306250 0.838889 0.107292 0.092593
1 0.076302 0.914815 0.114062 0.087037
1 0.763281 0.937963 0.116146 0.101852
0 0.231510 0.210648 0.092188 0.086111
0 0.332031 0.241667 0.097396 0.088889
0 0.327865 0.315278 0.098437 0.080556
0 0.321875 0.470370 0.106250 0.079630
0 0.317708 0.556944 0.105208 0.080556
0 0.303125 0.745833 0.106250 0.082407
0 0.186719 0.929167 0.108854 0.097222
