1 0.870573 0.098148 0.105729 0.061111
1 0.682813 0.116667 0.097917 0.077778
0 0.390885 0.120833 0.099479 0.076852
1 0.777083 0.093981 0.087500 0.082407
1 0.585417 0.123611 0.093750 0.076852
1 0.876042 0.160648 0.105208 0.071296
0 0.769271 0.166204 0.102083 0.052778
0 0.671875 0.184722 0.102083 0.054630
0 0.575521 0.198148 0.102083 0.055556
0 0.477604 0.206944 0.102083 0.054630
0 0.878646 0.232407 0.102083 0.055556
0 0.778646 0.243056 0.100000 0.073148
0 0.685937 0.262500 0.095833 0.062037
1 0.381771 0.268519 0.103125 0.075926
1 0.588281 0.270370 0.094271 0.085185
0 0.484896 0.281019 0.102083 0.054630
0 0.780469 0.317130 0.100521 0.075000
0 0.884896 0.312037 0.102083 0.055556
1 0.686198 0.333333 0.094271 0.074074
0 0.590104 0.343981 0.102083 0.056481
1 0.489583 0.348611 0.100000 0.071296
0 0.785937 0.394907 0.106250 0.078704
0 0.686979 0.401389 0.102083 0.056481
0 0.585938 0.418056 0.102083 0.056481
0 0.483854 0.431481 0.102083 0.055556
0 0.794010 0.466204 0.101562 0.069444
0 0.691667 0.477778 0.102083 0.057407
1 0.588281 0.495833 0.104688 0.087963
0 0.483333 0.509722 0.102083 0.056481
0 0.795312 0.550463 0.098958 0.082407
1 0.899479 0.552778 0.104167 0.083333
0 0.694010 0.562500 0.099479 0.071296
1 0.375521 0.574537 0.110417 0.087963
0 0.588542 0.575463 0.102083 0.058333
1 0.482812 0.577778 0.102083 0.081481
0 0.801042 0.634259 0.102083 0.077778
1 0.697396 0.647222 0.096875 0.077778
0 0.586979 0.656481 0.102083 0.059259
0 0.475521 0.669444 0.102083 0.059259
0 0.906771 0.652315 0.106250 0.097222
0 0.803125 0.725926 0.107292 0.081481
1 0.696875 0.733796 0.102083 0.060185
0 0.588542 0.741667 0.102083 0.061111
0 0.480729 0.752778 0.102083 0.062963
0 0.696875 0.822222 0.102083 0.062963
0 0.367188 0.825926 0.102083 0.064815
0 0.586458 0.827778 0.102083 0.062963
0 0.476042 0.840278 0.102083 0.063889
0 0.802604 0.834722 0.109375 0.089815
1 0.369010 0.920370 0.117188 0.103704
0 0.380469 0.196296 0.102604 0.068519
0 0.388542 0.340741 0.102083 0.055556
0 0.889583 0.387500 0.102083 0.056481
0 0.895833 0.462963 0.102083 0.057407
0 0.370312 0.492593 0.102083 0.057407
1 0.361979 0.660648 0.115625 0.091667
0 0.372917 0.741667 0.102083 0.061111
0 0.376563 0.416667 0.102083 0.057407
1 0.483594 0.922222 0.117188 0.103704
1 0.594792 0.919907 0.109375 0.095370
1 0.701823 0.912037 0.104688 0.096296
1 0.813281 0.929630 0.117188 0.103704
1 0.925781 0.942130 0.114062 0.093519
1 0.917969 0.851852 0.107813 0.094444
1 0.488802 0.125926 0.093229 0.085185
0 0.909896 0.751389 0.109375 0.089815
