0 0.487500 0.126852 0.101042 0.057407
1 0.382292 0.135648 0.097917 0.069444
1 0.878125 0.136111 0.098958 0.083333
0 0.779687 0.186111 0.101042 0.057407
1 0.584896 0.193981 0.098958 0.076852
0 0.681250 0.189815 0.101042 0.057407
1 0.485938 0.197222 0.101042 0.055556
0 0.388021 0.192593 0.101042 0.055556
0 0.879687 0.207407 0.101042 0.055556
1 0.586198 0.267130 0.098437 0.078704
0 0.782292 0.258796 0.101042 0.056481
0 0.683854 0.259722 0.101042 0.052778
1 0.485938 0.274537 0.098958 0.076852
0 0.885156 0.279630 0.100521 0.070370
1 0.381771 0.269444 0.098958 0.066667
0 0.784375 0.337037 0.103125 0.081481
0 0.586198 0.342593 0.099479 0.083333
0 0.684896 0.335185 0.097917 0.070370
0 0.485417 0.343981 0.101042 0.056481
0 0.892969 0.352315 0.108854 0.076852
0 0.382031 0.349074 0.101562 0.074074
0 0.586719 0.417130 0.099479 0.082407
0 0.688021 0.410185 0.101042 0.055556
0 0.484896 0.420370 0.101042 0.055556
0 0.891667 0.431481 0.102083 0.077778
0 0.792448 0.481019 0.099479 0.076852
1 0.587500 0.490278 0.100000 0.073148
0 0.690625 0.487963 0.101042 0.057407
1 0.483333 0.500000 0.098958 0.074074
0 0.898698 0.507407 0.106771 0.094444
0 0.796354 0.563889 0.105208 0.079630
0 0.589583 0.561574 0.101042 0.058333
0 0.694271 0.567130 0.101042 0.058333
1 0.482552 0.576389 0.108854 0.078704
1 0.904427 0.587500 0.108854 0.078704
0 0.799740 0.647685 0.107813 0.078704
1 0.590104 0.654167 0.102083 0.084259
1 0.694271 0.643519 0.107292 0.068519
1 0.483594 0.659722 0.109896 0.087963
1 0.907552 0.663426 0.106771 0.078704
0 0.805990 0.732407 0.114062 0.072222
0 0.588802 0.741204 0.106771 0.087963
0 0.700000 0.731019 0.101042 0.060185
0 0.482292 0.740278 0.101042 0.062037
1 0.916406 0.751852 0.110937 0.092593
0 0.590365 0.828241 0.106771 0.093519
0 0.808073 0.815278 0.111979 0.080556
0 0.483854 0.828241 0.101042 0.063889
0 0.920052 0.837963 0.108854 0.085185
0 0.484375 0.937500 0.101042 0.069444
0 0.789062 0.412500 0.098958 0.071296
1 0.379688 0.425463 0.102083 0.084259
0 0.378906 0.497222 0.108854 0.074074
1 0.372396 0.573611 0.110417 0.080556
0 0.373437 0.659259 0.108333 0.094444
1 0.370312 0.747222 0.110417 0.098148
0 0.593229 0.916667 0.113542 0.096296
0 0.364323 0.933796 0.115104 0.093519
1 0.364844 0.840278 0.115104 0.093519
0 0.586979 0.110648 0.093750 0.080556
1 0.683333 0.110648 0.098958 0.076852
1 0.783333 0.111574 0.098958 0.076852
1 0.700521 0.818519 0.115625 0.083333
1 0.697917 0.909259 0.115625 0.083333
0 0.810677 0.910648 0.111979 0.080556
0 0.922656 0.922685 0.111979 0.080556
