1 0.788314 0.825569 0.109884 0.068682
1 0.885952 0.230487 0.106706 0.065174
1 0.785120 0.898903 0.104048 0.076071
1 0.885139 0.365319 0.102550 0.067076
1 0.883241 0.497629 0.103901 0.066510
1 0.886237 0.902273 0.091955 0.078171
1 0.879834 0.699033 0.103412 0.065839
1 0.786794 0.757228 0.104352 0.075664
0 0.885517 0.298702 0.101104 0.055883
1 0.880936 0.629443 0.104125 0.070840
0 0.884481 0.432393 0.100866 0.058955
1 0.885679 0.164398 0.107562 0.066480
0 0.883641 0.564080 0.101031 0.065423
1 0.888396 0.764570 0.086423 0.066780
0 0.887132 0.831782 0.085761 0.063332
