1 0.788740 0.829770 0.111570 0.065789
1 0.786415 0.900905 0.104855 0.073191
1 0.885589 0.230263 0.106921 0.065789
1 0.788740 0.696546 0.105372 0.064145
1 0.790031 0.762747 0.108988 0.066612
1 0.788481 0.628701 0.101756 0.063322
1 0.883523 0.496711 0.103822 0.065789
1 0.885072 0.365543 0.102789 0.068257
1 0.887397 0.696135 0.088843 0.063322
0 0.885331 0.298520 0.101240 0.057566
0 0.884814 0.432566 0.101240 0.059211
1 0.885847 0.903783 0.090909 0.077303
1 0.888688 0.629523 0.090393 0.064967
1 0.885847 0.164474 0.106405 0.067434
0 0.885847 0.563322 0.097107 0.064145
1 0.889205 0.763158 0.085227 0.067434
0 0.887397 0.832648 0.084711 0.064967
