1 0.788630 0.834112 0.108816 0.067347
1 0.785753 0.903108 0.101568 0.071330
1 0.791154 0.635512 0.103907 0.064649
1 0.885932 0.229919 0.106673 0.064804
1 0.787861 0.700209 0.102703 0.061573
1 0.885211 0.364158 0.102895 0.065112
1 0.789688 0.766779 0.107292 0.065558
1 0.887000 0.495026 0.095159 0.062486
1 0.888398 0.629070 0.088911 0.066061
0 0.788340 0.489110 0.102573 0.066034
0 0.885368 0.430792 0.099671 0.057378
1 0.886616 0.696904 0.089705 0.060994
1 0.885728 0.164086 0.106939 0.065703
0 0.889950 0.564652 0.088067 0.058576
1 0.888449 0.762869 0.085141 0.065707
0 0.886929 0.832590 0.084149 0.062887
0 0.885453 0.298107 0.101118 0.056285
1 0.885087 0.903578 0.091384 0.077175
1 0.791602 0.565703 0.108141 0.063875
