1 0.788481 0.833882 0.108988 0.067434
1 0.785899 0.902549 0.101756 0.071546
1 0.790548 0.636102 0.102789 0.063322
1 0.885589 0.228207 0.106921 0.066612
1 0.787965 0.700247 0.102789 0.061678
1 0.790289 0.766447 0.108471 0.065789
0 0.789256 0.495888 0.102273 0.064145
1 0.887397 0.361431 0.098140 0.069901
0 0.793647 0.428865 0.104855 0.061678
1 0.888688 0.630345 0.089360 0.064967
1 0.886105 0.162418 0.106921 0.066612
1 0.887655 0.495888 0.093492 0.062500
1 0.886622 0.697780 0.089360 0.061678
0 0.889463 0.431743 0.091942 0.060855
1 0.888430 0.763158 0.084711 0.065789
0 0.889721 0.565378 0.089360 0.058388
1 0.787965 0.360609 0.100723 0.068257
0 0.886880 0.832648 0.084711 0.063322
0 0.886880 0.293997 0.099174 0.060033
1 0.885072 0.903372 0.091426 0.076480
1 0.791064 0.566201 0.106921 0.066612
