1 0.788740 0.833882 0.108471 0.067434
1 0.785899 0.902961 0.100723 0.070724
1 0.790548 0.636513 0.102789 0.062500
0 0.795455 0.303454 0.114669 0.052632
1 0.787707 0.700247 0.102273 0.061678
1 0.892304 0.233141 0.095558 0.064967
1 0.889205 0.159539 0.099690 0.067434
1 0.790031 0.767270 0.107955 0.065789
0 0.788998 0.501234 0.101756 0.056743
0 0.793130 0.438734 0.106921 0.056743
1 0.888171 0.630345 0.090393 0.064967
0 0.893595 0.435855 0.082645 0.062500
1 0.797521 0.235609 0.117769 0.063322
1 0.793647 0.168174 0.108988 0.064967
1 0.887913 0.496299 0.094008 0.061678
1 0.886622 0.696957 0.089360 0.061678
0 0.891271 0.298520 0.090393 0.055921
1 0.900568 0.365954 0.094525 0.055921
0 0.889463 0.565378 0.089876 0.058388
1 0.888430 0.763158 0.084711 0.065789
1 0.798037 0.368421 0.115702 0.064145
0 0.886880 0.832648 0.083678 0.063322
1 0.884814 0.903372 0.091942 0.076480
1 0.792097 0.567845 0.106921 0.063322
