1 0.795196 0.833882 0.094525 0.065789
1 0.790289 0.636102 0.102273 0.064967
1 0.789773 0.902961 0.092975 0.070724
1 0.787707 0.700247 0.102273 0.061678
1 0.692665 0.879523 0.105372 0.079770
1 0.892045 0.231086 0.095041 0.065789
0 0.794938 0.303043 0.114669 0.055099
1 0.889205 0.159951 0.099690 0.066612
1 0.790289 0.766859 0.102273 0.066612
0 0.788740 0.500822 0.101240 0.059211
1 0.797262 0.235609 0.117252 0.064967
0 0.792872 0.437089 0.106405 0.058388
1 0.895919 0.364720 0.082128 0.063322
1 0.888688 0.629934 0.090393 0.065789
1 0.793647 0.168174 0.108988 0.064967
1 0.886622 0.697368 0.089360 0.062500
1 0.887397 0.496299 0.095041 0.061678
1 0.884814 0.902961 0.092975 0.078947
0 0.892304 0.297697 0.088326 0.057566
0 0.888688 0.432155 0.093492 0.056743
0 0.889721 0.565378 0.089360 0.058388
1 0.888171 0.763158 0.085227 0.065789
1 0.797779 0.368010 0.116219 0.064967
1 0.690599 0.811678 0.103306 0.080592
0 0.886622 0.831414 0.085227 0.062500
1 0.791322 0.567845 0.105372 0.064967
