1 0.689824 0.886102 0.104855 0.069901
1 0.795196 0.834293 0.094525 0.064967
1 0.789514 0.901727 0.094525 0.068257
1 0.892562 0.231086 0.094008 0.065789
0 0.794938 0.303043 0.113636 0.055099
1 0.792872 0.635691 0.097107 0.064145
1 0.793130 0.699836 0.092459 0.060855
1 0.889463 0.159951 0.099174 0.066612
1 0.796488 0.767681 0.089876 0.066612
1 0.797262 0.235609 0.117252 0.064967
0 0.788998 0.500822 0.101756 0.059211
1 0.690599 0.816612 0.104339 0.072368
1 0.896178 0.365132 0.081612 0.064145
0 0.793388 0.440789 0.106405 0.057566
1 0.888946 0.629934 0.088843 0.065789
1 0.793905 0.168174 0.109504 0.064967
1 0.887913 0.496299 0.094008 0.061678
1 0.884814 0.902549 0.092975 0.078125
1 0.886880 0.696957 0.089876 0.061678
0 0.693440 0.629112 0.101756 0.064145
0 0.888430 0.432566 0.094008 0.055921
1 0.798037 0.368010 0.115702 0.064967
1 0.888171 0.763158 0.085227 0.065789
1 0.691890 0.742188 0.104855 0.069901
0 0.889721 0.565378 0.089360 0.058388
0 0.892304 0.297286 0.088326 0.058388
0 0.886622 0.831003 0.085227 0.061678
1 0.792614 0.567434 0.103822 0.067434
