0 0.795285 0.299514 0.115737 0.059744
1 0.695961 0.633762 0.101954 0.063976
1 0.797690 0.833923 0.087856 0.064181
1 0.790248 0.902184 0.091732 0.067963
1 0.892607 0.229628 0.093761 0.065725
1 0.797972 0.365055 0.116347 0.067051
0 0.794179 0.432495 0.108566 0.059955
1 0.697150 0.830490 0.114104 0.065510
1 0.796867 0.231588 0.117664 0.065610
0 0.790178 0.498226 0.101336 0.064397
1 0.796416 0.634268 0.091401 0.064497
1 0.889313 0.160704 0.098574 0.065069
1 0.896733 0.363643 0.080569 0.062283
1 0.884506 0.902694 0.091334 0.076683
0 0.696830 0.700526 0.110526 0.056402
1 0.797886 0.699918 0.082117 0.059188
1 0.688988 0.896026 0.097643 0.062835
1 0.889254 0.495379 0.092138 0.063316
1 0.889152 0.629971 0.087979 0.064173
1 0.793543 0.165438 0.110066 0.065532
1 0.798528 0.767435 0.083467 0.064164
1 0.699209 0.765294 0.113947 0.063391
1 0.886776 0.696805 0.089657 0.060917
0 0.890564 0.430997 0.089498 0.055568
1 0.797609 0.565325 0.102486 0.066046
1 0.888067 0.763109 0.085440 0.065601
0 0.890579 0.562709 0.087240 0.058228
0 0.894735 0.296243 0.083918 0.057791
0 0.886451 0.831553 0.085152 0.061367
1 0.693008 0.566267 0.103859 0.063492
