1 0.696281 0.634046 0.102273 0.064145
1 0.797521 0.833059 0.088843 0.062500
1 0.892304 0.229030 0.093492 0.066612
1 0.790289 0.901316 0.091942 0.067434
0 0.794938 0.299342 0.115702 0.064145
1 0.691632 0.830181 0.106405 0.064967
1 0.794938 0.634046 0.090909 0.064145
1 0.796746 0.231908 0.116219 0.067434
1 0.798812 0.365543 0.114153 0.069901
1 0.889205 0.361842 0.095558 0.067434
1 0.798037 0.699424 0.082645 0.060033
1 0.889205 0.160773 0.098657 0.064967
0 0.696539 0.700247 0.111054 0.058388
1 0.688791 0.895970 0.097624 0.063322
1 0.888946 0.495888 0.092975 0.064145
1 0.694990 0.565378 0.105888 0.064967
1 0.798554 0.766859 0.084711 0.064967
1 0.889205 0.629523 0.088326 0.064967
1 0.886880 0.696135 0.088843 0.061678
1 0.695248 0.416941 0.104339 0.077303
0 0.798554 0.432566 0.096074 0.062500
1 0.793130 0.166118 0.108988 0.065789
0 0.795455 0.498355 0.089876 0.064145
1 0.797521 0.564967 0.096074 0.065789
1 0.698864 0.765214 0.113636 0.063322
0 0.889979 0.430921 0.090909 0.057566
1 0.888171 0.762747 0.085227 0.064967
0 0.895145 0.295230 0.082645 0.057566
1 0.885072 0.902549 0.093492 0.078125
0 0.889721 0.563322 0.089360 0.060855
0 0.886622 0.831003 0.085227 0.061678
1 0.693698 0.487253 0.104339 0.073191
