1 0.696200 0.632505 0.101764 0.062967
1 0.891992 0.228776 0.094369 0.066587
1 0.798282 0.832711 0.086641 0.063215
1 0.790378 0.900630 0.092136 0.067373
1 0.699012 0.433902 0.110535 0.064046
1 0.697047 0.830487 0.113384 0.065676
1 0.797847 0.233325 0.115482 0.067468
1 0.795621 0.633235 0.092179 0.062762
1 0.803234 0.365957 0.105214 0.067201
1 0.889573 0.160771 0.098013 0.064690
1 0.797741 0.699455 0.083586 0.059392
0 0.801665 0.299923 0.105518 0.061306
0 0.696357 0.699494 0.109132 0.055700
1 0.896117 0.363056 0.082045 0.065012
1 0.688988 0.896212 0.097668 0.062999
1 0.889121 0.495728 0.092730 0.063732
1 0.697294 0.366336 0.105249 0.063831
1 0.885048 0.902480 0.092035 0.077733
1 0.888289 0.629546 0.089598 0.063251
1 0.798493 0.766927 0.084975 0.064189
1 0.695626 0.500914 0.107801 0.064436
1 0.696094 0.566316 0.103604 0.059679
0 0.803971 0.433147 0.096400 0.059408
1 0.887166 0.696232 0.088696 0.061113
1 0.793869 0.166311 0.109690 0.066205
1 0.698937 0.765237 0.113654 0.062982
0 0.890224 0.431064 0.090890 0.056539
0 0.892666 0.295024 0.087103 0.057503
1 0.797554 0.564709 0.097240 0.064277
1 0.888306 0.762637 0.085103 0.065047
0 0.889847 0.563853 0.088560 0.058432
0 0.796437 0.498364 0.088532 0.061459
0 0.697265 0.299923 0.104951 0.063465
0 0.886749 0.831098 0.084755 0.061719
