1 0.697056 0.633635 0.101756 0.061678
1 0.803202 0.231497 0.101240 0.069901
1 0.890238 0.227385 0.096591 0.068257
1 0.798295 0.832237 0.086260 0.062500
1 0.790806 0.900082 0.090909 0.066612
1 0.697314 0.830181 0.113636 0.064967
1 0.699897 0.433388 0.112603 0.064145
1 0.701188 0.236020 0.114153 0.065789
1 0.795455 0.632812 0.091942 0.061678
0 0.696798 0.699836 0.109504 0.054276
0 0.802944 0.299753 0.103822 0.058388
1 0.801653 0.365543 0.108471 0.066612
1 0.889979 0.157895 0.098140 0.067434
1 0.689050 0.895970 0.098140 0.063322
1 0.798295 0.699013 0.084194 0.059211
1 0.894886 0.364720 0.083161 0.063322
1 0.889205 0.495066 0.092459 0.062500
1 0.799070 0.767270 0.084711 0.064145
1 0.889205 0.629523 0.088326 0.063322
1 0.698089 0.166530 0.113120 0.069901
1 0.700413 0.366365 0.109504 0.061678
0 0.702221 0.303043 0.110021 0.053454
1 0.796746 0.564967 0.097624 0.064145
1 0.695248 0.500411 0.106405 0.063322
1 0.887138 0.696135 0.088326 0.060033
1 0.888430 0.762747 0.084711 0.064967
1 0.696539 0.567023 0.104855 0.060033
0 0.802169 0.433388 0.100207 0.057566
0 0.889205 0.430921 0.092459 0.054276
1 0.699122 0.765625 0.114153 0.062500
0 0.795455 0.498766 0.091942 0.060033
0 0.891529 0.295230 0.089876 0.055921
0 0.889463 0.563322 0.088843 0.057566
1 0.884814 0.902549 0.092975 0.078125
1 0.800362 0.163240 0.107955 0.063322
0 0.886364 0.831003 0.084711 0.061678
