1 0.803072 0.231346 0.100794 0.068976
1 0.696651 0.633355 0.102441 0.062874
1 0.702227 0.829709 0.100011 0.065308
1 0.890880 0.227668 0.096334 0.068069
1 0.797500 0.833170 0.088863 0.063843
1 0.789583 0.900014 0.093469 0.065926
1 0.884700 0.900443 0.090993 0.076700
1 0.700062 0.433286 0.113196 0.064023
1 0.796077 0.632429 0.092599 0.061645
1 0.701023 0.236062 0.113815 0.065536
1 0.803033 0.365959 0.106338 0.065683
1 0.797403 0.698995 0.085347 0.060523
0 0.696112 0.699957 0.110030 0.056765
1 0.890222 0.158309 0.097529 0.067090
0 0.803570 0.299740 0.102782 0.058060
1 0.698707 0.896812 0.089816 0.061967
1 0.894912 0.363220 0.083783 0.063802
1 0.700490 0.765098 0.111049 0.063688
1 0.697905 0.166272 0.113457 0.070178
1 0.799380 0.767186 0.085196 0.063771
1 0.700422 0.367080 0.109290 0.061717
1 0.888751 0.495274 0.093314 0.063232
1 0.889067 0.629677 0.088246 0.063259
0 0.702243 0.302683 0.109644 0.054352
0 0.594394 0.809463 0.101873 0.080068
1 0.696019 0.500711 0.108365 0.063943
1 0.797931 0.564792 0.101752 0.065438
1 0.696603 0.566745 0.106250 0.060556
1 0.887243 0.695989 0.088274 0.060579
1 0.888347 0.761928 0.084804 0.063886
0 0.802578 0.433071 0.100732 0.057302
0 0.888992 0.430930 0.093127 0.053776
0 0.795235 0.498778 0.091563 0.060165
0 0.889509 0.563545 0.089178 0.057043
1 0.800167 0.163085 0.107547 0.063254
0 0.892566 0.295521 0.088834 0.057227
0 0.886344 0.829886 0.084875 0.060915
1 0.599171 0.883658 0.106962 0.080744
