1 0.803461 0.231497 0.100723 0.069901
1 0.698089 0.632812 0.098657 0.063322
1 0.704287 0.829359 0.090393 0.063322
1 0.890754 0.227385 0.096591 0.068257
1 0.798295 0.832648 0.087293 0.063322
1 0.790289 0.900493 0.092975 0.065789
1 0.885072 0.900493 0.090393 0.077303
1 0.699897 0.433799 0.112603 0.063322
1 0.701188 0.235609 0.114153 0.064967
1 0.796229 0.631990 0.091426 0.060033
1 0.802944 0.365954 0.106921 0.065789
1 0.793905 0.698602 0.091942 0.060033
1 0.889721 0.158306 0.098657 0.066612
0 0.803719 0.299342 0.102273 0.057566
1 0.698089 0.895559 0.083161 0.060855
1 0.707645 0.764391 0.095041 0.061678
1 0.895403 0.363076 0.083161 0.063322
1 0.607696 0.764803 0.095558 0.065789
1 0.697831 0.165707 0.112603 0.069901
1 0.888688 0.495066 0.093492 0.062500
1 0.700155 0.365543 0.108988 0.061678
1 0.799329 0.766859 0.085227 0.063322
1 0.889205 0.629934 0.088326 0.062500
0 0.702479 0.302220 0.109504 0.053454
1 0.609246 0.895970 0.093492 0.066612
1 0.696539 0.566201 0.106921 0.060033
1 0.696023 0.500411 0.107955 0.063322
1 0.798554 0.564556 0.101240 0.064967
1 0.887138 0.696135 0.088326 0.060033
0 0.802944 0.432977 0.099690 0.056743
1 0.888430 0.762336 0.084711 0.064145
0 0.888946 0.430921 0.094008 0.054276
0 0.892045 0.295230 0.088843 0.055921
0 0.705579 0.700247 0.087810 0.050164
0 0.889721 0.563322 0.089360 0.057566
0 0.795713 0.498766 0.090393 0.058388
0 0.597624 0.696135 0.099174 0.061678
1 0.800103 0.163240 0.107438 0.063322
0 0.886622 0.829770 0.084194 0.060855
0 0.599690 0.830592 0.092975 0.052632
