1 0.803461 0.231497 0.100723 0.068257
1 0.706612 0.632812 0.081612 0.063322
1 0.705062 0.829770 0.094008 0.064145
1 0.797779 0.833059 0.088326 0.064145
1 0.891271 0.227385 0.095558 0.068257
1 0.789773 0.900082 0.092975 0.066612
1 0.884814 0.900082 0.091942 0.076480
1 0.699380 0.433799 0.111570 0.063322
1 0.700671 0.235609 0.114153 0.064967
1 0.795455 0.631990 0.091942 0.061678
1 0.794421 0.699013 0.091942 0.060855
1 0.890238 0.158306 0.097624 0.066612
1 0.802944 0.365954 0.106921 0.065789
1 0.707386 0.764803 0.096591 0.062500
1 0.895661 0.362664 0.082645 0.064145
1 0.603564 0.764391 0.103822 0.066612
0 0.803719 0.299753 0.102273 0.058388
1 0.697831 0.895148 0.083678 0.060033
1 0.888946 0.495066 0.092975 0.062500
1 0.700155 0.365954 0.108988 0.062500
1 0.697831 0.166118 0.112603 0.070724
1 0.887913 0.629523 0.089876 0.063322
1 0.799070 0.766447 0.085744 0.064145
1 0.608988 0.896382 0.094008 0.067434
1 0.696798 0.501234 0.106405 0.064967
0 0.600465 0.696957 0.104855 0.061678
1 0.797262 0.564145 0.100723 0.065789
1 0.704545 0.566201 0.086777 0.060033
0 0.802944 0.432566 0.098657 0.057566
1 0.887397 0.695724 0.087810 0.060855
1 0.888171 0.762336 0.085227 0.064145
0 0.704029 0.699013 0.092975 0.052632
0 0.602789 0.629934 0.107438 0.057566
0 0.889205 0.430921 0.092459 0.054276
0 0.702221 0.302220 0.108988 0.055099
0 0.889463 0.562911 0.088843 0.058388
0 0.892045 0.295230 0.088843 0.055921
0 0.796229 0.498355 0.088326 0.060855
1 0.800362 0.163240 0.106921 0.063322
1 0.600723 0.558799 0.110537 0.074836
0 0.886622 0.829770 0.085227 0.060855
0 0.597366 0.829770 0.098657 0.055921
