1 0.707386 0.632401 0.081095 0.062500
1 0.803461 0.231497 0.101756 0.068257
1 0.798554 0.832648 0.086777 0.063322
1 0.704029 0.829359 0.090909 0.063322
1 0.790289 0.900082 0.092975 0.064967
1 0.891271 0.227796 0.095558 0.067434
1 0.885072 0.900493 0.090393 0.077303
1 0.704545 0.433388 0.097107 0.062500
1 0.700930 0.235609 0.113636 0.064967
1 0.803202 0.365543 0.105372 0.066612
1 0.795971 0.631579 0.092975 0.060855
1 0.707128 0.764803 0.096074 0.060855
1 0.795455 0.698602 0.089876 0.061678
1 0.890238 0.158717 0.097624 0.067434
1 0.705837 0.501234 0.094525 0.061678
1 0.700671 0.365954 0.108988 0.062500
1 0.697314 0.165707 0.111570 0.069901
1 0.799329 0.766447 0.086260 0.064145
0 0.804494 0.299753 0.100723 0.058388
1 0.894628 0.362253 0.083678 0.064967
1 0.698089 0.895148 0.084194 0.060033
1 0.888688 0.495066 0.093492 0.064145
1 0.609246 0.895970 0.092459 0.066612
1 0.887913 0.629112 0.089876 0.062500
1 0.609762 0.764391 0.089360 0.064967
1 0.798037 0.564556 0.100207 0.064967
1 0.706095 0.565789 0.088843 0.057566
0 0.600723 0.696957 0.101240 0.058388
1 0.605372 0.563734 0.108471 0.061678
0 0.802428 0.432566 0.101756 0.057566
1 0.887397 0.695724 0.087810 0.060855
0 0.701963 0.301809 0.109504 0.055921
0 0.704029 0.699424 0.091942 0.050164
1 0.888430 0.761924 0.084711 0.063322
0 0.888688 0.430099 0.093492 0.054276
1 0.601756 0.495066 0.108471 0.065789
0 0.891787 0.295230 0.089360 0.055921
0 0.605114 0.629523 0.108988 0.051809
0 0.889463 0.563322 0.088843 0.057566
1 0.600981 0.425164 0.105888 0.065789
0 0.795971 0.498355 0.088843 0.060855
1 0.799845 0.163240 0.107955 0.063322
0 0.886364 0.829770 0.084711 0.060855
0 0.601240 0.830181 0.086777 0.053454
