1 0.706342 0.632029 0.083498 0.061362
1 0.798498 0.832654 0.087336 0.063380
1 0.790069 0.900001 0.093236 0.065390
1 0.704428 0.829564 0.091197 0.062599
1 0.885143 0.900616 0.090897 0.077879
1 0.707795 0.364283 0.098590 0.058943
1 0.705611 0.232570 0.099405 0.061487
1 0.707874 0.764237 0.094910 0.060181
1 0.795887 0.631660 0.091196 0.061023
1 0.604078 0.232586 0.118414 0.065550
0 0.602705 0.298466 0.110964 0.053065
1 0.795266 0.698582 0.089769 0.060697
1 0.603450 0.364060 0.112641 0.063191
1 0.704157 0.500980 0.095830 0.059779
1 0.597958 0.430894 0.116471 0.062945
0 0.790654 0.301445 0.094005 0.048716
0 0.792916 0.432780 0.102311 0.060627
1 0.605432 0.164771 0.117842 0.068276
1 0.796275 0.165425 0.095732 0.059553
1 0.699652 0.432090 0.081631 0.061588
1 0.799561 0.766299 0.085745 0.063360
1 0.791447 0.232299 0.094750 0.063198
1 0.697916 0.894953 0.083616 0.060478
1 0.611018 0.764570 0.087810 0.064455
0 0.704584 0.300705 0.102509 0.051307
1 0.887677 0.629104 0.090563 0.063052
1 0.608664 0.895902 0.093529 0.066574
0 0.599814 0.697084 0.099864 0.056907
1 0.705035 0.565680 0.090339 0.056676
1 0.798067 0.564687 0.098149 0.064447
1 0.887011 0.493573 0.093352 0.066391
0 0.703864 0.699279 0.092270 0.048816
1 0.605920 0.563779 0.104613 0.059567
1 0.792258 0.365270 0.089953 0.061343
1 0.888317 0.761656 0.084893 0.064063
1 0.887080 0.695599 0.088190 0.060320
0 0.795633 0.498573 0.086796 0.059676
0 0.889000 0.562954 0.089580 0.057680
0 0.886268 0.418827 0.095113 0.059106
0 0.604539 0.628854 0.107008 0.050351
1 0.706819 0.165784 0.098363 0.062828
1 0.599883 0.497290 0.104073 0.062107
0 0.886849 0.829629 0.084369 0.060759
0 0.602244 0.829904 0.084452 0.052609
