1 0.703664 0.630166 0.089938 0.060473
1 0.788616 0.562748 0.090623 0.060960
1 0.707675 0.762369 0.095328 0.059856
1 0.703149 0.563236 0.098620 0.057786
1 0.505117 0.559787 0.112120 0.067800
1 0.790533 0.695483 0.089327 0.056796
1 0.707366 0.828166 0.088933 0.060293
0 0.789492 0.300933 0.095733 0.046368
1 0.796227 0.829266 0.081198 0.061026
1 0.613090 0.762756 0.088147 0.064286
1 0.795680 0.629714 0.084158 0.059314
1 0.708302 0.363715 0.097312 0.059752
1 0.703694 0.231698 0.103685 0.062195
1 0.791366 0.232147 0.095603 0.062868
1 0.509929 0.627680 0.114403 0.066793
1 0.501045 0.829584 0.099565 0.063869
1 0.604409 0.163788 0.115532 0.070305
1 0.506448 0.693339 0.111635 0.066378
1 0.602030 0.362520 0.110702 0.063100
1 0.500378 0.763344 0.106174 0.068222
1 0.709831 0.431060 0.091751 0.058574
1 0.788536 0.896835 0.084792 0.063571
1 0.604023 0.429572 0.110641 0.061089
1 0.604327 0.230819 0.118010 0.063997
0 0.602634 0.296586 0.112306 0.053464
1 0.796125 0.165619 0.096238 0.059819
1 0.611582 0.562569 0.089417 0.059686
1 0.608026 0.895388 0.093591 0.065063
1 0.705971 0.498489 0.097235 0.056722
0 0.705099 0.299177 0.101636 0.050204
1 0.795865 0.763443 0.077720 0.063210
0 0.791816 0.498107 0.088318 0.048956
0 0.498715 0.894776 0.095279 0.062927
1 0.699293 0.894355 0.089831 0.062157
1 0.790104 0.364644 0.092346 0.058719
0 0.505007 0.424375 0.105798 0.064110
0 0.702817 0.698029 0.089260 0.050792
0 0.793066 0.432138 0.089937 0.049658
0 0.611092 0.694511 0.081548 0.056190
1 0.707880 0.165662 0.099078 0.063130
1 0.607329 0.496672 0.092895 0.062995
0 0.612944 0.629031 0.084052 0.050574
0 0.605227 0.828217 0.079612 0.055430
0 0.504678 0.491430 0.108773 0.061298
