1 0.702221 0.630757 0.075930 0.059211
1 0.610279 0.761513 0.088326 0.060855
1 0.516787 0.227796 0.108988 0.067434
1 0.423554 0.630757 0.090909 0.067434
1 0.621384 0.361842 0.096074 0.060855
1 0.619060 0.229441 0.100723 0.059211
1 0.697056 0.761513 0.077996 0.057566
1 0.706353 0.163651 0.093492 0.062500
1 0.610537 0.561678 0.090909 0.059211
1 0.521436 0.360197 0.099690 0.064145
1 0.517045 0.560033 0.096074 0.064145
1 0.707645 0.230674 0.089876 0.063322
1 0.700413 0.828125 0.076446 0.059211
1 0.506973 0.761513 0.094525 0.065789
1 0.405475 0.701891 0.104339 0.069901
1 0.499483 0.828536 0.097107 0.063322
0 0.698347 0.697368 0.082645 0.049342
1 0.413223 0.365543 0.104339 0.066612
1 0.701963 0.431332 0.079545 0.058388
1 0.695764 0.894326 0.086777 0.063322
1 0.521178 0.627878 0.092975 0.061678
0 0.702479 0.300164 0.088843 0.049342
1 0.516529 0.159128 0.110537 0.068257
0 0.513430 0.428043 0.107438 0.055099
0 0.408833 0.495477 0.106921 0.063322
1 0.608729 0.428454 0.103822 0.060855
1 0.698864 0.563734 0.081612 0.055099
1 0.605372 0.893914 0.089876 0.065789
1 0.414256 0.229852 0.111570 0.068257
1 0.517045 0.692434 0.090909 0.065789
1 0.619835 0.162829 0.096074 0.065789
1 0.404442 0.564556 0.105372 0.069901
0 0.497417 0.893914 0.095041 0.060855
0 0.610795 0.694901 0.082128 0.055921
1 0.411674 0.297697 0.106405 0.064145
1 0.700413 0.498355 0.082645 0.054276
0 0.520661 0.293997 0.096074 0.055099
1 0.709194 0.364309 0.082645 0.059211
0 0.615444 0.296053 0.105888 0.052632
1 0.607438 0.495888 0.102273 0.062500
0 0.407541 0.430510 0.102273 0.063322
0 0.613378 0.628701 0.086260 0.048520
0 0.604339 0.827714 0.077479 0.051809
0 0.508264 0.490543 0.097107 0.064967
