1 0.701705 0.630757 0.076963 0.059211
1 0.417097 0.356908 0.112087 0.069079
1 0.420455 0.754934 0.098140 0.064145
1 0.405217 0.821957 0.096591 0.066612
1 0.414256 0.287829 0.111570 0.067434
1 0.619318 0.229030 0.100207 0.061678
1 0.520403 0.229030 0.104855 0.066612
1 0.706095 0.230263 0.092975 0.065789
1 0.620610 0.361842 0.097624 0.060855
1 0.416839 0.156250 0.110537 0.069079
1 0.410124 0.554276 0.116736 0.067434
1 0.610795 0.561678 0.090393 0.059211
1 0.612087 0.159951 0.085744 0.064967
1 0.520661 0.760280 0.094008 0.064967
1 0.604855 0.828536 0.073347 0.061678
1 0.521952 0.360609 0.100723 0.063322
1 0.516529 0.559622 0.097107 0.063322
1 0.607180 0.759868 0.072831 0.055921
1 0.421746 0.622122 0.095558 0.063322
1 0.508781 0.892681 0.088843 0.068257
0 0.702221 0.300164 0.090393 0.049342
1 0.521178 0.627878 0.091942 0.061678
1 0.523244 0.159951 0.095041 0.066612
1 0.520403 0.692434 0.091426 0.064145
1 0.701705 0.431332 0.080062 0.058388
0 0.398760 0.890625 0.096074 0.064145
1 0.699380 0.563322 0.080579 0.054276
1 0.608729 0.428454 0.104855 0.060855
1 0.599948 0.893914 0.077996 0.060855
0 0.512138 0.428454 0.110021 0.054276
0 0.406508 0.422286 0.105372 0.060033
0 0.409607 0.487253 0.111570 0.060033
1 0.413998 0.223684 0.108988 0.065789
1 0.708678 0.364309 0.084711 0.059211
0 0.521436 0.294408 0.096591 0.052632
0 0.614411 0.296053 0.108988 0.054276
1 0.699897 0.497944 0.083678 0.053454
1 0.416839 0.687911 0.099174 0.063322
0 0.610279 0.695312 0.075930 0.053454
0 0.699638 0.697780 0.081095 0.048520
1 0.610537 0.495888 0.103306 0.060855
0 0.612345 0.628701 0.083161 0.048520
0 0.507231 0.825247 0.079545 0.053454
0 0.510847 0.493010 0.110537 0.056743
