1 0.315599 0.756168 0.108471 0.078125
1 0.309917 0.678454 0.101240 0.075658
1 0.316890 0.475329 0.107955 0.077303
1 0.521436 0.759457 0.093492 0.064967
1 0.417097 0.356908 0.111054 0.069079
1 0.521178 0.229030 0.099174 0.066612
1 0.425103 0.756168 0.087810 0.063322
1 0.523760 0.627467 0.088843 0.060855
1 0.420455 0.822368 0.086777 0.062500
1 0.427169 0.555099 0.090909 0.069079
0 0.313791 0.539474 0.101756 0.069079
1 0.414256 0.288240 0.111570 0.068257
1 0.314566 0.608964 0.101240 0.079770
1 0.612345 0.159128 0.087293 0.064967
1 0.416839 0.156661 0.112603 0.068257
1 0.609762 0.759046 0.076963 0.055921
0 0.304236 0.889391 0.097107 0.063322
1 0.610021 0.427632 0.087810 0.059211
1 0.607180 0.228207 0.090393 0.061678
1 0.423812 0.624589 0.082128 0.066612
1 0.524535 0.559211 0.090393 0.064145
1 0.523244 0.360609 0.098140 0.063322
1 0.604855 0.828125 0.072314 0.060855
1 0.506973 0.890625 0.093492 0.069079
1 0.325155 0.409539 0.113120 0.080592
1 0.612345 0.361020 0.083161 0.059211
0 0.428719 0.423109 0.083678 0.063322
1 0.521436 0.691612 0.091426 0.064145
1 0.522211 0.159951 0.096074 0.066612
1 0.599948 0.893092 0.079029 0.060855
0 0.400310 0.889391 0.087810 0.061678
0 0.426395 0.487664 0.082128 0.062500
0 0.519112 0.427632 0.105372 0.054276
1 0.419938 0.689145 0.084711 0.062500
1 0.414514 0.223684 0.111054 0.065789
1 0.608988 0.494243 0.085744 0.059211
1 0.610537 0.559211 0.081612 0.054276
0 0.521952 0.294408 0.094525 0.054276
0 0.603822 0.295230 0.094008 0.050987
0 0.611312 0.629112 0.076963 0.044408
0 0.610537 0.693668 0.075413 0.050164
0 0.511105 0.825658 0.073864 0.050987
0 0.517562 0.491776 0.100207 0.055921
1 0.313275 0.824013 0.104855 0.062500
