1 0.315857 0.755757 0.108988 0.077303
1 0.309659 0.678043 0.100723 0.074836
1 0.318182 0.474507 0.109504 0.075658
1 0.521436 0.759457 0.093492 0.064967
1 0.439050 0.354030 0.087810 0.069901
1 0.523502 0.626645 0.089360 0.062500
1 0.443440 0.221628 0.091426 0.066612
1 0.420196 0.822368 0.086260 0.062500
1 0.425362 0.755757 0.087293 0.062500
0 0.314824 0.539474 0.103822 0.069079
1 0.426911 0.551398 0.089360 0.073191
1 0.527376 0.226151 0.091942 0.064145
1 0.536157 0.157895 0.081612 0.065789
1 0.609504 0.759046 0.076446 0.055921
1 0.325930 0.409128 0.111570 0.071546
0 0.303719 0.889391 0.097107 0.063322
1 0.335744 0.276727 0.116736 0.074836
1 0.316116 0.609375 0.104339 0.078947
0 0.426911 0.483964 0.083161 0.066612
1 0.525052 0.360197 0.082128 0.060855
1 0.524793 0.559211 0.089876 0.064145
1 0.424587 0.621299 0.084711 0.064967
1 0.446798 0.154605 0.096074 0.072368
1 0.508006 0.890625 0.091426 0.067434
1 0.604855 0.828125 0.072314 0.060855
1 0.599690 0.893092 0.078512 0.060855
0 0.520919 0.427632 0.103822 0.055921
0 0.440083 0.287007 0.085744 0.064145
1 0.521694 0.691612 0.091942 0.064145
1 0.419163 0.688322 0.094525 0.064145
0 0.400568 0.889391 0.087293 0.061678
1 0.340651 0.142270 0.110021 0.067434
1 0.332128 0.342516 0.109504 0.066612
1 0.611570 0.426809 0.085744 0.064145
0 0.433110 0.419819 0.090393 0.064967
1 0.609762 0.494243 0.084194 0.060855
1 0.335227 0.210938 0.118802 0.071546
0 0.525310 0.293174 0.088843 0.056743
0 0.511364 0.825247 0.074380 0.051809
0 0.610537 0.693668 0.075413 0.048520
0 0.611312 0.629112 0.076963 0.044408
1 0.611829 0.560033 0.080062 0.052632
0 0.514205 0.491365 0.098657 0.056743
