1 0.231559 0.677157 0.093502 0.066473
1 0.325658 0.552574 0.092188 0.071766
0 0.227442 0.263605 0.084183 0.069450
1 0.227645 0.748635 0.094188 0.065112
0 0.223871 0.532096 0.091164 0.078895
1 0.324261 0.756309 0.087185 0.068636
1 0.120578 0.335368 0.102407 0.072795
1 0.402833 0.892296 0.094823 0.067507
1 0.410063 0.627004 0.080449 0.065772
1 0.322400 0.825179 0.084468 0.065570
1 0.411418 0.758524 0.076521 0.057109
1 0.127860 0.615940 0.080967 0.063964
0 0.120682 0.478967 0.101584 0.078703
1 0.121143 0.265857 0.101645 0.071731
1 0.325044 0.688797 0.086576 0.071502
1 0.316282 0.352352 0.077858 0.069209
1 0.124890 0.549709 0.085954 0.065696
1 0.125459 0.129396 0.111009 0.080736
1 0.312557 0.217058 0.099462 0.066450
1 0.139477 0.683610 0.086681 0.065639
1 0.137949 0.883697 0.091841 0.064879
1 0.324387 0.622649 0.087500 0.071036
1 0.226008 0.600679 0.087368 0.078769
1 0.129573 0.817186 0.108771 0.066632
0 0.314657 0.888657 0.078256 0.060894
1 0.230641 0.128997 0.086019 0.075269
0 0.325042 0.483938 0.087858 0.065563
0 0.324333 0.418539 0.089556 0.066499
0 0.315391 0.284136 0.081261 0.065854
1 0.229252 0.332245 0.086208 0.078333
1 0.121979 0.408069 0.103209 0.086421
1 0.227621 0.818625 0.087808 0.064103
1 0.412807 0.552882 0.078217 0.063813
1 0.319646 0.146919 0.086811 0.067575
1 0.231628 0.468207 0.092361 0.078389
0 0.222979 0.885894 0.078204 0.060311
0 0.123910 0.750598 0.094098 0.059548
1 0.228193 0.399587 0.096790 0.076467
1 0.129138 0.202398 0.096415 0.066525
0 0.411139 0.486656 0.078144 0.051034
1 0.412424 0.694562 0.077283 0.059244
1 0.225610 0.200429 0.079184 0.077074
0 0.411911 0.825931 0.075888 0.054560
0 0.411066 0.421740 0.079034 0.052353
