1 0.128556 0.350693 0.113768 0.064655
1 0.227765 0.753264 0.091246 0.068756
1 0.316417 0.359417 0.077817 0.063002
1 0.317266 0.227684 0.092019 0.065545
1 0.232861 0.356152 0.091959 0.061475
1 0.230127 0.224628 0.098374 0.065539
1 0.324734 0.626069 0.087386 0.065121
1 0.326406 0.557481 0.089301 0.066120
1 0.404028 0.892532 0.091611 0.066228
1 0.128417 0.283240 0.111842 0.063508
1 0.411250 0.627114 0.078209 0.063095
1 0.138294 0.883346 0.090791 0.064147
1 0.322029 0.160234 0.088270 0.065804
1 0.232206 0.420435 0.093453 0.060511
1 0.129464 0.816198 0.107713 0.062804
1 0.321530 0.825491 0.082269 0.063633
1 0.411724 0.758383 0.075453 0.055806
1 0.135661 0.550948 0.096497 0.064119
0 0.313836 0.889079 0.077377 0.058682
1 0.136345 0.618893 0.095235 0.062824
1 0.232855 0.619455 0.092447 0.063993
1 0.139685 0.684836 0.086521 0.063912
1 0.128758 0.419395 0.111889 0.061111
0 0.227255 0.553325 0.080720 0.061058
1 0.233240 0.158275 0.095888 0.064843
1 0.225067 0.819499 0.081846 0.062461
0 0.326807 0.489419 0.090096 0.057665
0 0.130085 0.486530 0.106997 0.057042
1 0.412682 0.552024 0.079433 0.062606
1 0.324064 0.691899 0.085270 0.063459
1 0.139936 0.219169 0.100602 0.063636
0 0.221607 0.885915 0.074612 0.059002
0 0.325232 0.425752 0.088382 0.056888
0 0.232695 0.290599 0.093547 0.054099
1 0.229695 0.487796 0.086475 0.064972
1 0.323798 0.758669 0.085712 0.062699
0 0.130568 0.750741 0.099650 0.059204
1 0.133197 0.152244 0.101992 0.065566
0 0.317060 0.294221 0.079858 0.052939
1 0.230285 0.684621 0.090881 0.064488
0 0.412332 0.485342 0.081533 0.051611
1 0.412595 0.694341 0.076724 0.058308
0 0.412634 0.826490 0.074602 0.050284
0 0.412040 0.419404 0.080171 0.056605
