1 0.539514 0.756990 0.079029 0.061678
1 0.129132 0.348273 0.112603 0.064967
1 0.437242 0.688322 0.104855 0.065789
1 0.222107 0.750411 0.080579 0.064967
1 0.444731 0.155016 0.105372 0.068257
0 0.439566 0.288240 0.099174 0.055099
1 0.447314 0.555510 0.098140 0.071546
1 0.128616 0.282484 0.111570 0.063322
1 0.536674 0.618832 0.083678 0.071546
1 0.416839 0.821957 0.109504 0.066612
1 0.531508 0.889803 0.089876 0.069079
1 0.437758 0.354852 0.099690 0.064967
1 0.137138 0.883224 0.093492 0.064145
0 0.534091 0.477385 0.085744 0.073191
1 0.436983 0.753701 0.105372 0.064967
1 0.128099 0.816201 0.109504 0.063322
0 0.225465 0.551809 0.076963 0.059211
1 0.225465 0.355674 0.077996 0.060033
0 0.437758 0.421875 0.105888 0.064145
1 0.128874 0.418586 0.112087 0.062500
1 0.133781 0.550164 0.100207 0.065789
1 0.128357 0.143914 0.107955 0.072368
1 0.439566 0.623355 0.092975 0.067434
1 0.226240 0.487253 0.077479 0.063322
1 0.445506 0.222039 0.101756 0.062500
1 0.223915 0.223273 0.087293 0.063322
1 0.225207 0.419819 0.077479 0.058388
1 0.136105 0.618010 0.093492 0.061678
1 0.225723 0.618421 0.077479 0.064145
1 0.539514 0.548109 0.076963 0.078125
0 0.431302 0.486842 0.105372 0.064145
0 0.520403 0.821957 0.076963 0.060033
0 0.437758 0.890625 0.103822 0.065789
0 0.541322 0.409539 0.082645 0.074013
1 0.140238 0.217516 0.094525 0.064967
1 0.139463 0.684211 0.085744 0.064145
1 0.222107 0.156661 0.096074 0.061678
0 0.129390 0.485609 0.107955 0.058388
0 0.225207 0.290296 0.079545 0.050987
0 0.222882 0.885280 0.076963 0.063322
0 0.128616 0.750411 0.099174 0.060033
1 0.224174 0.682977 0.078512 0.063322
1 0.540031 0.688734 0.077996 0.064967
1 0.222624 0.817845 0.077479 0.061678
