1 0.539514 0.756990 0.079029 0.061678
0 0.288998 0.277549 0.100723 0.063322
1 0.437500 0.688322 0.106405 0.065789
1 0.289773 0.758224 0.099174 0.077303
0 0.289514 0.541118 0.100723 0.064145
1 0.122676 0.346628 0.101756 0.063322
1 0.447314 0.555099 0.100207 0.070724
1 0.123450 0.548931 0.100207 0.066612
1 0.446023 0.154605 0.101756 0.067434
0 0.439566 0.287829 0.100207 0.055921
1 0.536415 0.618421 0.084194 0.072368
1 0.437500 0.354852 0.100207 0.064967
0 0.119060 0.748355 0.101756 0.062500
1 0.437500 0.752878 0.107438 0.064967
0 0.438017 0.421464 0.107438 0.064967
1 0.123192 0.281661 0.101756 0.060033
1 0.531767 0.889391 0.089360 0.069901
1 0.439308 0.623355 0.097624 0.067434
1 0.122417 0.418174 0.104339 0.063322
1 0.121901 0.817023 0.103306 0.064967
1 0.417355 0.821546 0.109504 0.067434
1 0.134814 0.682566 0.078512 0.062500
1 0.129132 0.616776 0.089876 0.059211
0 0.295713 0.887336 0.086260 0.065789
0 0.129132 0.483964 0.089876 0.055099
1 0.123192 0.140214 0.108988 0.073191
0 0.536415 0.477385 0.082128 0.071546
1 0.285382 0.343339 0.100723 0.064967
1 0.446281 0.222039 0.102273 0.062500
1 0.262397 0.675576 0.092975 0.083059
1 0.539773 0.548109 0.077479 0.076480
1 0.126033 0.881579 0.091942 0.060855
0 0.438017 0.891036 0.104339 0.066612
0 0.433368 0.486842 0.106405 0.064145
1 0.283058 0.411595 0.099174 0.066612
0 0.520145 0.821546 0.077479 0.059211
1 0.277893 0.211760 0.102273 0.064967
0 0.540806 0.408717 0.083678 0.074013
1 0.292614 0.610197 0.098657 0.074013
1 0.282283 0.476974 0.099690 0.067434
1 0.237087 0.823602 0.095041 0.068257
1 0.129132 0.215049 0.095041 0.068257
1 0.291581 0.143092 0.104855 0.067434
1 0.539514 0.688734 0.079029 0.064967
