1 0.362087 0.196135 0.100207 0.071546
1 0.677428 0.559211 0.099690 0.074013
0 0.681560 0.405839 0.101756 0.064967
1 0.555527 0.347451 0.092459 0.081414
0 0.361829 0.262336 0.099690 0.062500
0 0.514979 0.467516 0.101240 0.068257
1 0.123192 0.346628 0.101756 0.063322
0 0.639205 0.753289 0.100723 0.072368
1 0.620351 0.822780 0.100207 0.087993
0 0.119318 0.748766 0.101240 0.061678
1 0.541581 0.207648 0.100723 0.064967
1 0.515496 0.537829 0.101240 0.077303
1 0.123450 0.281661 0.102273 0.060033
1 0.123450 0.548931 0.100207 0.064967
1 0.121643 0.815378 0.104855 0.063322
0 0.303202 0.884457 0.098140 0.071546
1 0.680785 0.479441 0.102273 0.072368
1 0.338326 0.127467 0.101240 0.083882
1 0.122934 0.140625 0.109504 0.074013
1 0.487862 0.668174 0.099690 0.073191
1 0.128874 0.616365 0.089360 0.058388
0 0.120351 0.485609 0.106405 0.056743
0 0.322056 0.518914 0.101756 0.085526
1 0.134814 0.682566 0.077479 0.060855
1 0.122417 0.418586 0.104339 0.062500
1 0.376033 0.332237 0.099174 0.075658
1 0.126550 0.881990 0.092975 0.061678
1 0.543905 0.138980 0.102273 0.069079
0 0.686983 0.310444 0.101240 0.086349
1 0.668130 0.623766 0.100723 0.068257
0 0.436983 0.868832 0.099174 0.079770
0 0.530992 0.273026 0.100207 0.060855
1 0.331612 0.731497 0.112603 0.097862
1 0.429752 0.796875 0.082645 0.065789
1 0.328771 0.458470 0.100723 0.087993
1 0.132231 0.216694 0.087810 0.064967
0 0.477273 0.402961 0.097107 0.062500
1 0.661674 0.690378 0.097107 0.068257
1 0.441116 0.730263 0.098140 0.070724
1 0.347882 0.604852 0.099690 0.104441
1 0.489669 0.601974 0.098140 0.072368
1 0.354597 0.397615 0.091426 0.078125
1 0.308368 0.640214 0.092975 0.101151
1 0.271178 0.821957 0.103306 0.086349
