1 0.791581 0.236842 0.110021 0.064145
1 0.792872 0.436678 0.104339 0.065789
1 0.788481 0.636513 0.103822 0.060855
1 0.123709 0.280428 0.101756 0.057566
1 0.890754 0.238898 0.088326 0.060033
1 0.890496 0.370477 0.085744 0.058388
1 0.861312 0.903783 0.100723 0.074013
1 0.123450 0.344984 0.101240 0.061678
1 0.886622 0.703536 0.086260 0.064967
1 0.791839 0.501645 0.107438 0.067434
1 0.753616 0.900905 0.100207 0.076480
1 0.134556 0.677632 0.076963 0.054276
1 0.788998 0.701069 0.104855 0.061678
1 0.793905 0.171875 0.109504 0.055921
0 0.359762 0.429276 0.101756 0.083882
0 0.879390 0.835115 0.086260 0.055099
0 0.119318 0.744655 0.099174 0.060033
1 0.791322 0.303043 0.115702 0.061678
0 0.451188 0.315789 0.098657 0.111842
1 0.794938 0.369243 0.104339 0.065789
1 0.121901 0.814967 0.103306 0.067434
1 0.788223 0.569079 0.107438 0.065789
1 0.121643 0.546053 0.101756 0.062500
1 0.891012 0.568257 0.085744 0.064145
1 0.123192 0.140214 0.108988 0.073191
1 0.127583 0.881990 0.089876 0.061678
0 0.370610 0.355263 0.102789 0.087171
1 0.886105 0.768503 0.075930 0.063322
1 0.121643 0.414474 0.104855 0.065789
0 0.303977 0.887336 0.094525 0.064145
1 0.888171 0.635280 0.087293 0.063322
1 0.800103 0.111842 0.106405 0.062500
0 0.890238 0.438322 0.088326 0.055921
1 0.890754 0.173520 0.090393 0.055921
1 0.782283 0.833059 0.100723 0.064145
1 0.129907 0.611842 0.081095 0.059211
1 0.133781 0.216283 0.085744 0.064145
0 0.120351 0.481497 0.106405 0.058388
0 0.902893 0.111842 0.104339 0.057566
0 0.434401 0.891447 0.098140 0.064145
0 0.889205 0.503289 0.087293 0.055921
0 0.890238 0.305921 0.089360 0.052632
1 0.785382 0.766036 0.113120 0.063322
