1 0.884556 0.904194 0.088326 0.076480
1 0.789773 0.898849 0.091942 0.069079
1 0.791064 0.234786 0.111054 0.066612
1 0.890238 0.239309 0.090393 0.060855
1 0.797521 0.434622 0.095041 0.064967
1 0.793647 0.500411 0.095558 0.061678
1 0.890238 0.370066 0.087293 0.059211
1 0.887655 0.701480 0.085227 0.064145
1 0.121384 0.815789 0.106405 0.070724
1 0.793647 0.832648 0.089360 0.061678
1 0.790031 0.567023 0.098657 0.061678
1 0.687242 0.896793 0.100723 0.063322
0 0.692665 0.698602 0.100207 0.053454
1 0.790806 0.301398 0.112603 0.064967
1 0.790548 0.633224 0.098657 0.059211
1 0.220300 0.412418 0.080062 0.127467
0 0.700671 0.364720 0.108988 0.061678
0 0.696281 0.501645 0.100207 0.050987
1 0.792355 0.699424 0.098140 0.058388
1 0.891529 0.171875 0.089876 0.059211
1 0.887397 0.767681 0.077479 0.061678
0 0.697572 0.432155 0.105888 0.056743
1 0.888946 0.635691 0.086777 0.062500
1 0.890238 0.567845 0.087293 0.063322
1 0.119318 0.886513 0.106405 0.074013
0 0.694731 0.565789 0.105372 0.052632
1 0.800620 0.367599 0.094008 0.062500
1 0.128357 0.558799 0.099690 0.102796
0 0.688275 0.764803 0.113120 0.054276
0 0.888946 0.437911 0.090909 0.056743
1 0.794680 0.166941 0.114153 0.065789
0 0.884298 0.834704 0.086777 0.055921
1 0.125000 0.192023 0.100207 0.078125
1 0.120868 0.123355 0.109504 0.083882
1 0.285124 0.886102 0.101240 0.074836
0 0.689824 0.831414 0.092459 0.057566
0 0.695764 0.631579 0.103306 0.052632
0 0.889205 0.305921 0.091426 0.052632
1 0.124225 0.258224 0.101756 0.077303
0 0.888430 0.502467 0.088843 0.057566
1 0.793130 0.765625 0.095558 0.059211
1 0.121643 0.328947 0.105888 0.082237
1 0.123967 0.407072 0.100207 0.085526
1 0.124483 0.483964 0.105372 0.086349
