1 0.879976 0.751488 0.100641 0.065823
1 0.885188 0.350811 0.100502 0.065001
1 0.121799 0.195884 0.109591 0.084794
1 0.879570 0.901509 0.101920 0.084561
1 0.573796 0.844311 0.077991 0.113752
1 0.120414 0.811856 0.107536 0.077811
1 0.536516 0.558544 0.099173 0.062650
0 0.413920 0.344988 0.114417 0.087814
1 0.220183 0.412525 0.079938 0.126076
1 0.521572 0.356900 0.095064 0.069095
1 0.543025 0.490885 0.090985 0.065361
0 0.876446 0.818308 0.102782 0.061284
0 0.437816 0.692245 0.104405 0.065215
0 0.885548 0.285086 0.102930 0.054723
1 0.515436 0.284174 0.112013 0.069821
1 0.880995 0.684556 0.100487 0.063509
1 0.881460 0.616778 0.102514 0.063680
1 0.883879 0.149903 0.106422 0.070734
0 0.436647 0.558231 0.103708 0.069448
1 0.884700 0.218285 0.104027 0.066231
1 0.611819 0.362223 0.081501 0.075531
1 0.120460 0.887008 0.105567 0.077824
1 0.539527 0.756410 0.079690 0.060271
0 0.436805 0.760727 0.101323 0.064774
0 0.479617 0.834234 0.097386 0.079987
1 0.127190 0.558801 0.102285 0.103454
1 0.511212 0.425334 0.076625 0.066694
1 0.124026 0.120225 0.109992 0.072016
1 0.614227 0.284265 0.079149 0.068911
1 0.534326 0.624835 0.094818 0.062127
0 0.884687 0.420526 0.098463 0.052576
1 0.486035 0.214547 0.097611 0.066942
1 0.523733 0.147831 0.101899 0.071410
1 0.884107 0.550572 0.099305 0.066329
0 0.881882 0.484760 0.099449 0.057570
1 0.124420 0.263898 0.100712 0.077218
0 0.434666 0.625428 0.100397 0.064024
0 0.445161 0.492011 0.104586 0.067105
1 0.541552 0.690303 0.081240 0.062053
1 0.284904 0.886247 0.100957 0.074703
0 0.404247 0.413500 0.100787 0.084750
1 0.122920 0.407694 0.102665 0.084996
1 0.122662 0.331793 0.104654 0.081628
1 0.121738 0.481387 0.104732 0.087213
