1 0.885072 0.352385 0.100723 0.066612
1 0.879649 0.901727 0.102273 0.084704
0 0.884814 0.286595 0.103306 0.061678
1 0.880165 0.752878 0.100207 0.066612
1 0.878874 0.207237 0.101756 0.070724
1 0.573864 0.844161 0.078512 0.114309
1 0.536932 0.558388 0.098657 0.062500
1 0.120351 0.812089 0.107438 0.076480
1 0.121643 0.196546 0.110021 0.085526
1 0.221074 0.412418 0.079545 0.125822
1 0.521694 0.357319 0.095041 0.068257
0 0.413998 0.344984 0.114153 0.087993
1 0.879132 0.135691 0.102273 0.070724
0 0.438017 0.692023 0.104339 0.064967
1 0.880940 0.618010 0.103822 0.063322
1 0.880940 0.685855 0.100723 0.064145
1 0.543905 0.490954 0.088843 0.064145
1 0.515496 0.284539 0.111570 0.070724
0 0.436467 0.760691 0.101240 0.064145
0 0.876291 0.819490 0.102789 0.061678
1 0.611570 0.362664 0.081612 0.075658
1 0.127324 0.558799 0.101756 0.102796
0 0.437242 0.558388 0.103822 0.067434
1 0.511105 0.425576 0.076963 0.066612
1 0.614153 0.284539 0.079545 0.069079
1 0.539773 0.756168 0.079545 0.060033
0 0.479339 0.833882 0.097107 0.078947
1 0.120868 0.886102 0.104339 0.076480
0 0.884556 0.421875 0.098657 0.054276
1 0.534866 0.624589 0.093492 0.061678
1 0.123709 0.121299 0.110021 0.073191
0 0.881715 0.486842 0.100207 0.059211
1 0.486312 0.214638 0.097624 0.067434
1 0.884298 0.552632 0.100207 0.065789
0 0.445506 0.491365 0.105888 0.066612
1 0.523760 0.148438 0.102273 0.071546
1 0.541581 0.690378 0.081095 0.061678
0 0.435176 0.625000 0.100723 0.064145
0 0.404442 0.413651 0.101240 0.083882
1 0.285124 0.886513 0.101240 0.074013
1 0.124225 0.264391 0.100723 0.076480
1 0.122934 0.407895 0.103306 0.085526
1 0.121901 0.481497 0.104339 0.086349
1 0.123709 0.331003 0.103822 0.083059
