1 0.599690 0.493832 0.105372 0.071546
1 0.796746 0.347039 0.097624 0.067434
1 0.695506 0.277961 0.101756 0.069079
0 0.794421 0.481908 0.099174 0.070724
1 0.600981 0.560855 0.106921 0.069079
1 0.890754 0.758224 0.077996 0.064145
1 0.890496 0.356086 0.089876 0.064145
1 0.796746 0.213816 0.084194 0.064145
1 0.793905 0.616776 0.096074 0.065789
1 0.703512 0.618010 0.081612 0.056743
1 0.602014 0.893503 0.082128 0.064967
1 0.790289 0.685033 0.094008 0.059211
1 0.795971 0.751234 0.090909 0.061678
1 0.888688 0.621299 0.088326 0.064967
1 0.879907 0.221217 0.088326 0.064145
1 0.798295 0.414885 0.093492 0.069901
0 0.695764 0.345395 0.101240 0.064145
1 0.802686 0.282072 0.092975 0.065789
1 0.598399 0.424342 0.103822 0.072368
0 0.794421 0.819901 0.083678 0.059211
1 0.792355 0.137747 0.088843 0.074836
1 0.704287 0.683388 0.081095 0.059211
1 0.704804 0.547697 0.080062 0.064145
0 0.792355 0.549342 0.092975 0.060855
1 0.696798 0.210938 0.106405 0.066612
0 0.706353 0.412007 0.085227 0.065789
1 0.601498 0.694079 0.099690 0.067434
1 0.889979 0.553865 0.088843 0.063322
0 0.889205 0.488898 0.089360 0.056743
1 0.884556 0.147615 0.097624 0.074836
0 0.698089 0.142270 0.107955 0.069079
0 0.704287 0.480263 0.086260 0.065789
1 0.605630 0.763158 0.081095 0.065789
0 0.888688 0.423520 0.092459 0.057566
1 0.696281 0.814556 0.097107 0.061678
1 0.887397 0.688734 0.087810 0.066612
0 0.885589 0.824424 0.086260 0.056743
0 0.700155 0.748355 0.096591 0.054276
0 0.890496 0.289474 0.094008 0.057566
1 0.887138 0.898849 0.085227 0.080592
1 0.597882 0.827303 0.091426 0.064145
1 0.695248 0.884868 0.097107 0.065789
1 0.799845 0.894326 0.094525 0.086349
