1 0.422779 0.827303 0.091426 0.062500
1 0.888171 0.760691 0.083161 0.062500
1 0.792097 0.365132 0.106921 0.067434
1 0.596591 0.490132 0.103306 0.078947
1 0.795196 0.629112 0.092459 0.064145
1 0.601240 0.622944 0.102273 0.071546
1 0.704804 0.551809 0.081095 0.074013
1 0.792614 0.431332 0.103822 0.064967
1 0.606147 0.890214 0.090393 0.073191
1 0.699122 0.819490 0.084194 0.064967
1 0.890496 0.355674 0.089876 0.066612
1 0.704287 0.619243 0.085227 0.069079
1 0.610279 0.754112 0.082128 0.074013
1 0.219525 0.885280 0.107438 0.068257
1 0.515238 0.830181 0.086260 0.066612
0 0.701705 0.484786 0.080062 0.069901
1 0.607180 0.824013 0.081095 0.069079
1 0.888430 0.624178 0.089876 0.065789
1 0.796229 0.763158 0.085227 0.062500
0 0.889205 0.424753 0.091426 0.060033
0 0.511622 0.894737 0.083161 0.060855
1 0.420713 0.892681 0.093492 0.060033
0 0.792097 0.498766 0.099690 0.063322
0 0.704804 0.752878 0.089360 0.069901
1 0.792614 0.696546 0.091426 0.065789
0 0.792097 0.562911 0.092459 0.061678
0 0.890238 0.490132 0.089360 0.060855
1 0.889979 0.556332 0.089876 0.064967
0 0.694473 0.415707 0.101756 0.073191
1 0.316632 0.822780 0.109504 0.068257
1 0.887138 0.691612 0.089360 0.067434
1 0.405992 0.760280 0.104339 0.068257
0 0.790031 0.831826 0.084194 0.060033
1 0.323864 0.890214 0.094008 0.061678
0 0.883781 0.829770 0.088843 0.057566
1 0.601498 0.555510 0.104855 0.071546
1 0.705062 0.687089 0.082645 0.068257
0 0.883781 0.290296 0.101240 0.059211
0 0.497934 0.680921 0.101240 0.075658
1 0.885072 0.902549 0.089360 0.076480
1 0.611829 0.688734 0.083161 0.068257
1 0.517304 0.759457 0.086260 0.066612
1 0.795713 0.896793 0.084194 0.064967
1 0.701705 0.892681 0.084194 0.064967
