1 0.423037 0.826069 0.090909 0.061678
1 0.887397 0.761102 0.085744 0.061678
1 0.795196 0.630345 0.092459 0.063322
1 0.793905 0.365132 0.110537 0.065789
1 0.704287 0.551398 0.083161 0.074836
1 0.602014 0.622533 0.102789 0.072368
1 0.596591 0.490132 0.104339 0.078947
1 0.704545 0.619655 0.085744 0.069901
1 0.699122 0.819079 0.084194 0.065789
1 0.606663 0.888980 0.094525 0.072368
1 0.606147 0.824013 0.083161 0.069079
0 0.701963 0.481908 0.080579 0.072368
1 0.792872 0.432155 0.103306 0.063322
1 0.610537 0.753289 0.082645 0.072368
1 0.889979 0.627056 0.086777 0.066612
1 0.795196 0.763158 0.085227 0.062500
0 0.512397 0.894737 0.081612 0.060855
0 0.694215 0.414474 0.101240 0.072368
1 0.891012 0.559211 0.086777 0.062500
0 0.704804 0.752878 0.089360 0.069901
1 0.227789 0.884868 0.099174 0.069079
1 0.889979 0.363076 0.088843 0.056743
1 0.404959 0.746299 0.102273 0.066612
1 0.515496 0.829359 0.085744 0.066612
1 0.792872 0.698191 0.090909 0.060855
0 0.792614 0.499589 0.098657 0.061678
0 0.888688 0.428865 0.090393 0.056743
0 0.889721 0.493010 0.089360 0.060033
1 0.420455 0.891859 0.092975 0.060033
1 0.316374 0.822368 0.110021 0.069079
1 0.887397 0.695312 0.090909 0.061678
0 0.789773 0.831826 0.083678 0.058388
1 0.323347 0.890214 0.094008 0.061678
0 0.795196 0.564556 0.098657 0.061678
0 0.883523 0.830181 0.088326 0.056743
1 0.705579 0.687089 0.079545 0.071546
1 0.600723 0.555510 0.104339 0.071546
0 0.126291 0.886924 0.102789 0.066612
1 0.611570 0.688322 0.084711 0.067434
0 0.497934 0.680099 0.100207 0.075658
1 0.885331 0.902961 0.088843 0.077303
1 0.511364 0.761102 0.098140 0.064967
1 0.789514 0.897615 0.088326 0.064967
0 0.885589 0.902138 0.088326 0.075658
1 0.701705 0.883224 0.084194 0.065789
