1 0.519688 0.270279 0.096945 0.070453
1 0.875561 0.665394 0.097198 0.066977
1 0.318562 0.300911 0.107737 0.072225
1 0.792724 0.393661 0.099422 0.058991
1 0.218164 0.257980 0.102596 0.068717
1 0.886891 0.462399 0.093526 0.065133
1 0.602936 0.399514 0.093981 0.065097
0 0.510787 0.338928 0.109633 0.066993
1 0.603274 0.535564 0.105569 0.069423
1 0.796223 0.530012 0.092796 0.062639
1 0.706594 0.265458 0.090295 0.062176
1 0.796887 0.189470 0.102265 0.062117
1 0.617561 0.264826 0.087529 0.063774
1 0.619174 0.198338 0.098698 0.063387
1 0.319363 0.230935 0.108493 0.068783
1 0.701964 0.536197 0.083658 0.066367
1 0.889453 0.530393 0.086243 0.065657
1 0.889259 0.327714 0.092230 0.061275
1 0.602571 0.466694 0.105377 0.067371
1 0.121590 0.141779 0.106013 0.064950
0 0.888649 0.260041 0.096283 0.056060
1 0.421923 0.283527 0.089636 0.075242
1 0.608281 0.125081 0.101242 0.074423
1 0.795348 0.122680 0.102800 0.062279
1 0.700815 0.400296 0.085633 0.060269
1 0.889740 0.396612 0.087029 0.065310
1 0.704324 0.332683 0.086574 0.058390
0 0.219776 0.190208 0.100624 0.064063
0 0.788817 0.594898 0.097556 0.058209
0 0.703864 0.124015 0.092717 0.062582
0 0.510989 0.133627 0.105483 0.060753
1 0.890562 0.123596 0.100032 0.071962
1 0.613611 0.330613 0.085884 0.063405
1 0.791775 0.461089 0.100120 0.061406
0 0.802789 0.260140 0.105036 0.060188
0 0.706220 0.199246 0.085234 0.059773
0 0.885457 0.596338 0.091622 0.058408
1 0.419795 0.147758 0.084119 0.076285
1 0.320449 0.163298 0.107981 0.076364
0 0.796709 0.328157 0.102336 0.054859
1 0.421881 0.215658 0.081622 0.073471
0 0.890236 0.194362 0.095424 0.051314
0 0.698713 0.468890 0.079551 0.055916
1 0.520583 0.199096 0.096569 0.064750
