1 0.878099 0.672286 0.095041 0.060033
1 0.603306 0.545230 0.106405 0.072368
1 0.414256 0.132812 0.100207 0.092928
1 0.792355 0.469984 0.099174 0.068257
1 0.792355 0.541530 0.095041 0.071546
1 0.416839 0.273849 0.100207 0.080592
1 0.619060 0.270559 0.093492 0.062500
1 0.796746 0.192023 0.101756 0.063322
1 0.614669 0.342105 0.085744 0.067434
1 0.332386 0.217928 0.095558 0.075658
1 0.606921 0.479441 0.098140 0.069079
1 0.521178 0.193257 0.091942 0.075658
1 0.886880 0.539885 0.091942 0.063322
1 0.605114 0.127878 0.106921 0.078125
0 0.888688 0.259868 0.095558 0.055921
1 0.888688 0.326891 0.093492 0.066612
1 0.795713 0.402961 0.096591 0.070724
1 0.701705 0.545641 0.086260 0.066612
1 0.618285 0.203536 0.100207 0.066612
1 0.888946 0.472039 0.090909 0.064145
1 0.707645 0.271382 0.084711 0.062500
1 0.795196 0.124589 0.101756 0.061678
1 0.703771 0.342516 0.092459 0.069901
0 0.799845 0.328947 0.101756 0.064145
1 0.322572 0.139391 0.082128 0.069901
1 0.523502 0.264803 0.089360 0.072368
0 0.885072 0.606086 0.092459 0.057566
1 0.887397 0.403783 0.091942 0.064145
1 0.130682 0.151727 0.115702 0.083059
1 0.314824 0.293174 0.102789 0.084704
0 0.232438 0.136513 0.095041 0.060855
1 0.228048 0.207648 0.113120 0.069901
1 0.891012 0.123766 0.099174 0.071546
0 0.705062 0.129934 0.096074 0.060855
0 0.788740 0.606086 0.098140 0.054276
0 0.698089 0.480674 0.080062 0.060033
0 0.798037 0.262336 0.099174 0.060855
0 0.891012 0.194079 0.094008 0.052632
1 0.412707 0.211760 0.085744 0.076480
0 0.506457 0.346628 0.103822 0.068257
0 0.707903 0.203125 0.085227 0.060855
1 0.702996 0.411595 0.086777 0.066612
1 0.601240 0.411184 0.106405 0.067434
0 0.516787 0.122533 0.096591 0.062500
