1 0.880744 0.903684 0.096083 0.068781
1 0.793490 0.576305 0.097803 0.079425
0 0.791438 0.436997 0.096285 0.076008
1 0.887948 0.272851 0.098922 0.067897
0 0.793139 0.302289 0.095175 0.084604
1 0.883248 0.696097 0.099601 0.070671
1 0.606394 0.422346 0.110261 0.067488
1 0.705221 0.498592 0.082660 0.069814
1 0.695149 0.830818 0.079826 0.063626
1 0.606727 0.353694 0.108485 0.067593
1 0.596385 0.829349 0.110610 0.062644
1 0.704170 0.296513 0.086758 0.070561
1 0.886329 0.490918 0.096687 0.063499
0 0.785884 0.788281 0.096554 0.066509
1 0.880805 0.833759 0.098155 0.061118
0 0.794434 0.370949 0.096094 0.076251
1 0.698540 0.157576 0.101397 0.071529
1 0.885751 0.423067 0.097916 0.065929
0 0.788623 0.718941 0.097072 0.069133
1 0.602597 0.285302 0.108118 0.068281
1 0.719632 0.898636 0.097527 0.064978
0 0.601300 0.560912 0.104544 0.057689
1 0.704153 0.697490 0.077152 0.065379
1 0.617035 0.895004 0.098344 0.064624
1 0.708929 0.363697 0.079915 0.069646
1 0.890539 0.201787 0.096342 0.069517
1 0.702766 0.629115 0.076263 0.062894
1 0.696748 0.229229 0.104190 0.072481
0 0.886955 0.354769 0.096713 0.059749
1 0.701609 0.764444 0.077591 0.068672
0 0.604172 0.492410 0.109865 0.062411
1 0.885752 0.624547 0.096897 0.067203
0 0.886200 0.558236 0.094595 0.060481
0 0.704480 0.430131 0.083525 0.065608
1 0.793392 0.228837 0.095702 0.081434
0 0.602364 0.694659 0.106741 0.057992
1 0.891767 0.126645 0.098243 0.076584
1 0.881164 0.767789 0.096438 0.063836
1 0.792058 0.506020 0.091936 0.075772
1 0.606522 0.762287 0.091736 0.064439
1 0.704360 0.565273 0.081891 0.065657
1 0.797477 0.154776 0.093549 0.097068
1 0.775495 0.652804 0.074201 0.070396
0 0.601397 0.627384 0.107407 0.055131
