1 0.885072 0.903372 0.096591 0.083059
1 0.793905 0.126234 0.109504 0.068257
1 0.876808 0.760691 0.098657 0.062500
0 0.127066 0.260691 0.098140 0.059211
1 0.123450 0.191612 0.104339 0.064145
0 0.221849 0.752467 0.079029 0.069079
1 0.224948 0.821546 0.077996 0.065789
1 0.131973 0.814967 0.102789 0.064145
1 0.770403 0.658717 0.100723 0.092105
1 0.415548 0.875822 0.077996 0.078947
0 0.135072 0.391859 0.075930 0.061678
0 0.130940 0.326480 0.087293 0.065789
1 0.873192 0.694490 0.098657 0.064967
1 0.122934 0.458470 0.102273 0.069901
0 0.877841 0.827303 0.100723 0.064145
1 0.517304 0.186266 0.084194 0.069901
1 0.606921 0.321135 0.103306 0.073191
0 0.788223 0.874589 0.096074 0.099507
1 0.124483 0.655428 0.091942 0.070724
1 0.127841 0.590049 0.086260 0.069901
1 0.871384 0.627878 0.100207 0.069901
1 0.500517 0.834704 0.100207 0.072368
0 0.418647 0.193257 0.110021 0.075658
1 0.891271 0.126234 0.099690 0.078125
1 0.234246 0.885280 0.089360 0.058388
1 0.319473 0.173520 0.103822 0.075658
1 0.121384 0.122944 0.108471 0.069901
1 0.328771 0.886102 0.094525 0.069901
1 0.134556 0.883224 0.103822 0.069079
1 0.122159 0.524260 0.098657 0.066612
1 0.697831 0.797697 0.101240 0.105263
1 0.228822 0.632812 0.083678 0.087993
0 0.236312 0.256990 0.095558 0.112664
0 0.425620 0.303454 0.089876 0.131579
1 0.222107 0.426809 0.096074 0.085526
0 0.303461 0.361020 0.071798 0.159539
1 0.734762 0.722451 0.087293 0.084704
1 0.223140 0.493010 0.098140 0.076480
0 0.774535 0.489309 0.102789 0.115132
0 0.635331 0.722039 0.088843 0.157895
1 0.224432 0.562500 0.092459 0.077303
1 0.225723 0.354441 0.096074 0.085526
1 0.354597 0.358141 0.067665 0.168586
1 0.121384 0.727385 0.104339 0.076480
