1 0.131157 0.854435 0.101949 0.063872
1 0.129567 0.181013 0.115729 0.062417
1 0.406306 0.379374 0.090833 0.058635
1 0.136154 0.785832 0.096140 0.067265
0 0.317393 0.182545 0.111666 0.053739
1 0.128366 0.116853 0.117687 0.069001
1 0.223325 0.859884 0.081313 0.070295
1 0.316180 0.719870 0.085031 0.060632
1 0.233449 0.508657 0.092559 0.060523
1 0.321254 0.820877 0.098320 0.068502
1 0.411492 0.577373 0.075887 0.056001
1 0.413629 0.115391 0.086277 0.058091
0 0.318517 0.116572 0.112186 0.057041
0 0.133075 0.246865 0.111127 0.054273
1 0.129040 0.708228 0.105279 0.064259
1 0.130677 0.508873 0.107229 0.064702
1 0.233920 0.116965 0.091990 0.057814
1 0.416892 0.313234 0.074969 0.058835
1 0.131733 0.443192 0.112142 0.061835
1 0.232810 0.379128 0.091601 0.057798
0 0.131186 0.313373 0.107314 0.055138
1 0.129355 0.576793 0.109018 0.058836
1 0.412381 0.515124 0.075195 0.051606
0 0.233816 0.182162 0.095812 0.055663
1 0.234646 0.642218 0.092844 0.062124
1 0.320798 0.579334 0.082611 0.067459
1 0.223715 0.788865 0.076340 0.069683
1 0.410280 0.181308 0.091939 0.059409
0 0.223808 0.246591 0.103758 0.051698
0 0.137246 0.379967 0.098075 0.053097
1 0.134495 0.642137 0.102391 0.062073
1 0.223665 0.311456 0.104673 0.063670
0 0.223213 0.711606 0.078550 0.061344
0 0.321734 0.889981 0.098895 0.063641
1 0.324604 0.315235 0.097833 0.059268
1 0.319781 0.248752 0.104991 0.063097
1 0.228678 0.574618 0.086999 0.056635
1 0.415856 0.245593 0.082788 0.052784
1 0.233948 0.443026 0.088299 0.058045
0 0.325148 0.511453 0.089024 0.056066
1 0.325837 0.445421 0.088904 0.060514
0 0.410892 0.446798 0.079527 0.051715
0 0.317829 0.381193 0.090179 0.051736
1 0.321735 0.650149 0.076614 0.067030
