1 0.788032 0.831380 0.108877 0.067942
0 0.884761 0.242155 0.102276 0.057907
1 0.794339 0.366436 0.096663 0.068313
1 0.887131 0.442082 0.096160 0.065784
1 0.614348 0.503485 0.085733 0.069376
1 0.418053 0.441209 0.102070 0.070687
1 0.889730 0.375492 0.090998 0.064336
1 0.314443 0.412430 0.102585 0.079542
1 0.881348 0.159042 0.106919 0.098732
1 0.704126 0.631123 0.080223 0.062199
1 0.889450 0.574049 0.087842 0.061000
1 0.521147 0.576227 0.091692 0.066149
1 0.793815 0.698355 0.088354 0.066067
1 0.794036 0.293148 0.099877 0.088143
1 0.611970 0.366177 0.083943 0.071399
1 0.887909 0.773218 0.086556 0.067578
1 0.798101 0.631922 0.086587 0.072540
1 0.520884 0.644512 0.093090 0.062216
0 0.799427 0.565033 0.085537 0.065753
0 0.795148 0.433534 0.092139 0.064814
1 0.518239 0.372751 0.098311 0.066550
0 0.688487 0.702864 0.101882 0.068726
1 0.887949 0.707182 0.088002 0.062861
1 0.703324 0.564800 0.092711 0.064118
1 0.786991 0.765601 0.100666 0.066892
1 0.522158 0.441563 0.091309 0.061688
0 0.410929 0.573928 0.105167 0.067326
0 0.888873 0.509429 0.093607 0.060186
1 0.797210 0.501122 0.090996 0.064908
1 0.614078 0.435384 0.083142 0.064478
1 0.518817 0.508164 0.094509 0.062760
1 0.410007 0.363123 0.114217 0.084779
1 0.704712 0.495467 0.082875 0.062365
1 0.888737 0.639137 0.087018 0.061166
0 0.705374 0.361460 0.090812 0.063888
0 0.406819 0.507352 0.104938 0.064640
0 0.611654 0.293852 0.090502 0.083978
0 0.888047 0.309584 0.096038 0.060688
1 0.706247 0.428688 0.086222 0.062229
0 0.887569 0.840211 0.084956 0.062699
1 0.611982 0.643017 0.081925 0.073238
0 0.507620 0.304854 0.112119 0.064192
1 0.702113 0.282274 0.091981 0.068807
1 0.611077 0.570069 0.080609 0.066877
