1 0.590909 0.532484 0.105372 0.071546
0 0.792614 0.314967 0.092459 0.083882
1 0.886880 0.263980 0.100207 0.069079
0 0.790289 0.459293 0.099174 0.069901
1 0.885589 0.468339 0.098657 0.063322
1 0.603822 0.263980 0.110537 0.074013
0 0.614153 0.671053 0.097107 0.077303
1 0.691890 0.760280 0.107955 0.076480
1 0.789773 0.527138 0.100207 0.069079
1 0.786157 0.888569 0.098140 0.074836
0 0.687758 0.894326 0.096591 0.064967
1 0.795713 0.755757 0.083161 0.069079
1 0.888171 0.196546 0.101756 0.067434
1 0.698864 0.480674 0.089876 0.064967
0 0.602014 0.330181 0.107955 0.071546
1 0.885847 0.763569 0.090909 0.081414
1 0.890754 0.599507 0.086260 0.065789
1 0.704804 0.277961 0.082128 0.075658
1 0.696798 0.548520 0.088843 0.065789
1 0.706612 0.346628 0.083678 0.073191
0 0.886622 0.333882 0.098657 0.057566
1 0.801653 0.148026 0.088843 0.115132
0 0.603306 0.398026 0.106405 0.078947
1 0.793130 0.240543 0.094525 0.071546
1 0.884298 0.831826 0.090909 0.069901
1 0.602789 0.466283 0.106405 0.077303
1 0.607955 0.193668 0.117769 0.069901
0 0.886364 0.534951 0.092975 0.060033
0 0.598399 0.603207 0.104855 0.066612
1 0.689566 0.828536 0.105372 0.068257
1 0.708678 0.203125 0.084711 0.092105
0 0.697572 0.617188 0.076963 0.058388
1 0.891787 0.122533 0.098657 0.077303
1 0.625000 0.122944 0.110537 0.071546
1 0.886880 0.400082 0.096074 0.063322
1 0.793388 0.676398 0.080579 0.083059
0 0.795196 0.384868 0.099690 0.088816
1 0.778151 0.604030 0.086260 0.068257
1 0.723399 0.116365 0.082128 0.066612
1 0.791064 0.821546 0.094525 0.065789
1 0.708161 0.692023 0.092975 0.081414
0 0.700155 0.414062 0.089360 0.061678
1 0.882231 0.902961 0.095041 0.070724
1 0.883781 0.677632 0.084711 0.093750
