0 0.794938 0.254523 0.106405 0.051809
0 0.796488 0.187911 0.112603 0.050164
0 0.793905 0.122122 0.115702 0.053454
0 0.791064 0.520559 0.101756 0.050987
1 0.224432 0.706414 0.077996 0.060855
0 0.793647 0.321957 0.107955 0.051809
1 0.886880 0.387747 0.095041 0.060033
0 0.789514 0.649671 0.102789 0.050987
1 0.882231 0.789062 0.091942 0.063322
1 0.888171 0.587171 0.088326 0.060855
1 0.131973 0.636513 0.102789 0.060855
0 0.793388 0.386102 0.106405 0.051809
0 0.787448 0.718339 0.100723 0.051809
1 0.888946 0.187911 0.098140 0.063322
1 0.885589 0.453125 0.096591 0.059211
1 0.885331 0.520148 0.096074 0.060033
1 0.886622 0.717928 0.086260 0.057566
1 0.134298 0.703125 0.097107 0.062500
0 0.788998 0.452303 0.100723 0.054276
1 0.228048 0.509046 0.074897 0.059211
0 0.790548 0.584704 0.104855 0.050987
1 0.888430 0.321546 0.091942 0.057566
1 0.127841 0.113487 0.115186 0.069079
1 0.128616 0.179688 0.112603 0.063322
1 0.883264 0.852385 0.085744 0.061678
1 0.892562 0.117188 0.102273 0.079770
1 0.228048 0.375822 0.076963 0.060855
1 0.128874 0.441201 0.114153 0.061678
1 0.226240 0.572780 0.074380 0.060033
1 0.131973 0.376645 0.107955 0.060855
0 0.785124 0.851562 0.095041 0.053454
1 0.884814 0.652961 0.089876 0.055921
0 0.784091 0.784128 0.094008 0.050164
1 0.223657 0.641447 0.074380 0.052632
1 0.236054 0.114309 0.083678 0.060855
1 0.127324 0.506579 0.116219 0.059211
1 0.132490 0.571957 0.102789 0.061678
1 0.227531 0.245066 0.080062 0.060855
1 0.132748 0.246299 0.109504 0.063322
1 0.229855 0.443668 0.072314 0.058388
1 0.138946 0.311266 0.092975 0.061678
1 0.888430 0.254934 0.099174 0.059211
1 0.228822 0.179276 0.080579 0.059211
1 0.227789 0.312089 0.078512 0.060033
