1 0.791164 0.455957 0.105290 0.065965
1 0.790719 0.388659 0.104233 0.066330
1 0.793068 0.521944 0.106415 0.065193
1 0.791128 0.586495 0.109457 0.065310
1 0.224220 0.706807 0.077848 0.061250
1 0.792231 0.323414 0.107939 0.066855
1 0.796057 0.120093 0.112551 0.077192
1 0.132339 0.636667 0.101011 0.060377
1 0.788125 0.721142 0.103585 0.067187
1 0.789776 0.786133 0.107113 0.063515
1 0.791684 0.255335 0.107197 0.068279
1 0.788544 0.653479 0.102625 0.064917
1 0.134537 0.703084 0.095952 0.062783
0 0.888542 0.260162 0.094583 0.051902
1 0.793023 0.188064 0.110219 0.065578
1 0.228206 0.509282 0.075284 0.059332
1 0.128253 0.179437 0.111722 0.062721
1 0.127484 0.113627 0.114860 0.068703
0 0.890433 0.393488 0.089223 0.054652
1 0.226535 0.573115 0.074575 0.060268
1 0.132466 0.376884 0.106122 0.060950
0 0.888950 0.327320 0.091209 0.052481
1 0.228378 0.375732 0.077463 0.060481
1 0.234398 0.115551 0.084990 0.063068
1 0.128244 0.441405 0.111794 0.061446
1 0.127169 0.506617 0.115070 0.058538
1 0.227591 0.245237 0.079802 0.060403
0 0.889095 0.460573 0.090413 0.056943
0 0.891099 0.527159 0.086459 0.057537
1 0.133321 0.246264 0.109468 0.064022
1 0.136986 0.571466 0.084826 0.060812
0 0.886303 0.857931 0.083089 0.055775
0 0.886957 0.659131 0.086754 0.054443
1 0.230309 0.443321 0.073160 0.058497
1 0.229788 0.179772 0.078272 0.057163
1 0.224776 0.640485 0.074825 0.055889
1 0.138913 0.311642 0.093714 0.062062
0 0.889164 0.194599 0.098095 0.050226
1 0.227710 0.312042 0.078693 0.060091
0 0.886442 0.724626 0.082376 0.056425
0 0.887794 0.790467 0.081169 0.057500
0 0.889624 0.125730 0.102115 0.061412
1 0.786712 0.850366 0.107499 0.065628
0 0.891268 0.592479 0.085827 0.059014
