1 0.791278 0.455931 0.105337 0.065894
1 0.791344 0.388770 0.104970 0.066008
1 0.791484 0.586420 0.110207 0.065458
1 0.793197 0.521975 0.106444 0.064982
1 0.792467 0.323293 0.108314 0.066695
1 0.224279 0.706631 0.077825 0.061140
1 0.795890 0.119956 0.112184 0.077293
1 0.789658 0.786242 0.107771 0.063530
1 0.132148 0.636781 0.101406 0.060391
1 0.788538 0.721062 0.104391 0.067156
1 0.791711 0.255596 0.107210 0.068052
1 0.788999 0.653226 0.102475 0.064901
1 0.133639 0.702913 0.096619 0.062832
0 0.888634 0.260429 0.095019 0.051727
1 0.227904 0.509092 0.075746 0.059244
1 0.127278 0.113809 0.114678 0.068497
1 0.128240 0.179396 0.111296 0.062674
1 0.793102 0.188073 0.110130 0.065665
1 0.226395 0.573025 0.074824 0.060343
1 0.132143 0.376854 0.106703 0.061046
0 0.890926 0.393643 0.087470 0.052850
1 0.228429 0.375647 0.077450 0.060542
1 0.235534 0.114407 0.085630 0.060664
0 0.888696 0.460426 0.090937 0.055455
1 0.128089 0.441433 0.111444 0.061294
0 0.888877 0.327434 0.090480 0.051099
1 0.126462 0.506516 0.114305 0.058794
1 0.227724 0.245186 0.079789 0.060575
1 0.135909 0.571750 0.085157 0.061104
0 0.891094 0.527048 0.086283 0.056643
0 0.886255 0.857963 0.082893 0.056023
1 0.133574 0.246252 0.109621 0.064201
1 0.230451 0.443357 0.073198 0.058059
0 0.889426 0.126254 0.102404 0.060269
1 0.229722 0.179570 0.078397 0.057044
1 0.134279 0.312989 0.090635 0.058816
0 0.887812 0.725094 0.082760 0.056916
0 0.886991 0.659379 0.085854 0.053654
1 0.227813 0.312052 0.078533 0.059791
1 0.224821 0.640554 0.074976 0.055807
0 0.887868 0.790285 0.080862 0.056895
1 0.786968 0.850496 0.107950 0.065811
0 0.891902 0.592429 0.084625 0.058171
0 0.888986 0.194885 0.098270 0.050519
