1 0.310176 0.603618 0.097624 0.067434
1 0.412707 0.217105 0.094008 0.082237
1 0.127066 0.114720 0.113636 0.064967
1 0.406508 0.422286 0.097107 0.069901
0 0.408316 0.488076 0.093492 0.069901
1 0.130682 0.243832 0.109504 0.063322
0 0.420971 0.684622 0.098140 0.066612
1 0.133523 0.310855 0.103822 0.060855
1 0.225465 0.509868 0.074897 0.060855
1 0.227531 0.310855 0.079029 0.064145
1 0.325671 0.197780 0.093492 0.081414
1 0.227014 0.707237 0.075930 0.062500
1 0.140496 0.376234 0.088843 0.060033
1 0.223140 0.812500 0.089876 0.067434
1 0.224948 0.442023 0.076963 0.061678
0 0.225465 0.378289 0.076963 0.055921
0 0.131198 0.640625 0.086777 0.057566
1 0.424845 0.619655 0.099690 0.071546
1 0.135847 0.703125 0.094008 0.065789
1 0.128357 0.768503 0.082128 0.060033
1 0.231405 0.181332 0.087810 0.064967
0 0.317665 0.268503 0.092975 0.068257
0 0.141012 0.442845 0.087810 0.055099
1 0.307851 0.536184 0.097107 0.064145
1 0.226240 0.115132 0.079545 0.057566
1 0.129390 0.180510 0.113120 0.061678
1 0.416322 0.137747 0.078512 0.102796
1 0.424329 0.752056 0.100723 0.069901
1 0.310176 0.469572 0.098657 0.070724
0 0.313533 0.670230 0.096074 0.064145
1 0.321281 0.130345 0.095041 0.089638
0 0.135331 0.574013 0.101240 0.060855
1 0.418388 0.553043 0.099174 0.073191
0 0.140754 0.508224 0.090393 0.052632
1 0.126033 0.845395 0.091942 0.090461
1 0.230372 0.245066 0.084711 0.062500
1 0.406250 0.356086 0.094525 0.070724
1 0.224690 0.640625 0.076446 0.064145
0 0.321023 0.742188 0.097624 0.079770
0 0.310176 0.402138 0.098657 0.064145
1 0.415806 0.288240 0.083678 0.073191
1 0.226240 0.574424 0.072314 0.061678
1 0.221849 0.878701 0.081095 0.068257
0 0.310434 0.337993 0.095041 0.069079
