1 0.224106 0.557463 0.077228 0.063853
1 0.231635 0.755065 0.091045 0.064984
1 0.234526 0.360334 0.093973 0.062788
1 0.128950 0.357103 0.112245 0.066371
1 0.136427 0.555772 0.094693 0.064752
1 0.135784 0.752657 0.095264 0.065350
0 0.125330 0.881602 0.085361 0.066378
1 0.131737 0.421354 0.106354 0.064450
1 0.315388 0.229563 0.097230 0.060696
1 0.316416 0.756211 0.072744 0.060130
1 0.311460 0.428172 0.100481 0.060740
1 0.233265 0.292549 0.084322 0.066164
1 0.224097 0.820674 0.077362 0.058530
1 0.309854 0.560046 0.098462 0.059586
1 0.129437 0.620191 0.101752 0.062076
1 0.128903 0.225164 0.113868 0.064057
1 0.130615 0.816283 0.100622 0.062195
1 0.310964 0.624471 0.091081 0.059933
1 0.224197 0.489616 0.076754 0.065211
1 0.139096 0.489604 0.088089 0.060682
1 0.310593 0.493283 0.099628 0.062110
1 0.128426 0.160233 0.109861 0.066973
1 0.315625 0.295897 0.092537 0.062113
1 0.227555 0.424565 0.076282 0.063073
1 0.129857 0.289722 0.113074 0.062244
1 0.313139 0.688655 0.080747 0.059407
1 0.323033 0.161267 0.085817 0.062592
1 0.223682 0.622897 0.077855 0.063073
1 0.132737 0.685417 0.095779 0.063682
1 0.234198 0.228327 0.085424 0.067248
1 0.232864 0.162269 0.098914 0.067036
0 0.224922 0.887165 0.086417 0.054099
0 0.320253 0.822965 0.071253 0.048429
0 0.327934 0.889294 0.071306 0.055149
1 0.225528 0.688662 0.086081 0.062304
1 0.320065 0.362379 0.085573 0.057276
