1 0.226891 0.591326 0.086808 0.072214
1 0.123824 0.674958 0.093128 0.062521
1 0.227802 0.393375 0.081310 0.072254
1 0.319641 0.592939 0.077658 0.074975
1 0.316850 0.457878 0.082942 0.074603
0 0.885289 0.254677 0.102764 0.048860
1 0.322754 0.393084 0.078421 0.081583
0 0.883332 0.454227 0.097905 0.050745
1 0.231751 0.260145 0.088163 0.073803
0 0.881116 0.587813 0.100267 0.064096
1 0.222583 0.660845 0.079617 0.070196
1 0.120286 0.742165 0.101071 0.068857
1 0.317187 0.750889 0.078898 0.062469
1 0.318176 0.664320 0.079902 0.083507
0 0.885275 0.321977 0.101033 0.047485
0 0.884699 0.387669 0.097515 0.050075
0 0.885839 0.189064 0.106870 0.051537
0 0.125436 0.877841 0.096037 0.071087
1 0.128186 0.541411 0.108583 0.070067
1 0.321735 0.255528 0.077569 0.070279
1 0.223642 0.460099 0.079298 0.066472
1 0.322289 0.189029 0.079985 0.067342
1 0.129546 0.139530 0.105174 0.072532
1 0.221305 0.733913 0.098179 0.077716
0 0.220251 0.886065 0.076932 0.063743
1 0.129903 0.810749 0.108104 0.067429
1 0.232440 0.192520 0.089464 0.076326
0 0.308041 0.886215 0.092806 0.069614
1 0.226969 0.526040 0.084066 0.069752
1 0.328659 0.118409 0.080314 0.067663
0 0.883145 0.522833 0.097830 0.052234
1 0.125863 0.410505 0.113235 0.072716
1 0.127623 0.344249 0.114919 0.071981
0 0.313089 0.816171 0.084112 0.059349
1 0.129285 0.476337 0.102786 0.073069
1 0.233244 0.125519 0.091858 0.078229
1 0.319509 0.322431 0.077049 0.068742
1 0.128365 0.211342 0.113476 0.076545
1 0.128419 0.278840 0.117387 0.074215
0 0.886553 0.120567 0.110390 0.063764
1 0.125787 0.608600 0.100202 0.065217
1 0.318540 0.524507 0.076774 0.071648
1 0.224812 0.815995 0.078658 0.061032
1 0.226849 0.326755 0.080251 0.069358
