1 0.880940 0.587993 0.104855 0.062500
1 0.883006 0.389803 0.099690 0.064145
1 0.231663 0.223273 0.091426 0.066612
1 0.883523 0.321957 0.100723 0.056743
0 0.125775 0.881168 0.093492 0.071546
1 0.317665 0.757401 0.075413 0.062500
0 0.885847 0.256579 0.102273 0.050987
1 0.224948 0.687911 0.076963 0.064967
1 0.333419 0.358964 0.097624 0.064967
1 0.125258 0.208882 0.113120 0.082237
1 0.224174 0.821135 0.077479 0.060033
1 0.130940 0.272615 0.094525 0.076480
1 0.884556 0.456414 0.099690 0.065789
1 0.134814 0.337582 0.094008 0.074836
1 0.229081 0.757812 0.088326 0.063322
0 0.225207 0.620066 0.079545 0.062500
0 0.230630 0.421464 0.089360 0.063322
1 0.336260 0.423931 0.100207 0.066612
1 0.319473 0.155839 0.080062 0.071546
1 0.135847 0.739309 0.094008 0.080592
0 0.224174 0.553454 0.092975 0.064145
1 0.231405 0.290707 0.086777 0.063322
1 0.879649 0.522615 0.103306 0.063322
0 0.314566 0.888569 0.076446 0.058388
0 0.885331 0.190378 0.106405 0.051809
1 0.123967 0.536595 0.104339 0.079770
1 0.323089 0.225329 0.079029 0.064145
1 0.323089 0.689556 0.095558 0.068257
1 0.122417 0.125822 0.108471 0.090461
0 0.228306 0.356497 0.077479 0.056743
0 0.230888 0.487253 0.086777 0.061678
1 0.122159 0.467928 0.089360 0.078947
1 0.123192 0.408306 0.095558 0.081414
1 0.114411 0.601974 0.091426 0.077303
0 0.221333 0.886924 0.074897 0.060033
1 0.128874 0.808388 0.107955 0.077303
0 0.315599 0.824424 0.073347 0.051809
1 0.346074 0.557155 0.095041 0.061678
1 0.330320 0.291941 0.099690 0.062500
1 0.230114 0.154194 0.093492 0.066612
1 0.135589 0.670230 0.093492 0.080592
1 0.321281 0.490132 0.077479 0.062500
0 0.886880 0.121299 0.109504 0.061678
1 0.327221 0.620477 0.103822 0.073191
