1 0.421229 0.752467 0.091426 0.062500
1 0.417355 0.818668 0.080579 0.064967
1 0.130424 0.751234 0.105888 0.064967
1 0.325155 0.756579 0.088326 0.064145
1 0.785640 0.892270 0.095041 0.067434
1 0.122934 0.682977 0.097107 0.064967
1 0.127841 0.536184 0.091426 0.098684
1 0.423554 0.678454 0.088843 0.067434
1 0.796488 0.686678 0.082645 0.065789
1 0.880682 0.895970 0.094008 0.071546
1 0.121901 0.613487 0.100207 0.067434
1 0.127066 0.817434 0.113636 0.067434
1 0.701446 0.753289 0.082645 0.069079
1 0.404700 0.605674 0.111054 0.069901
0 0.696798 0.886513 0.080579 0.067434
1 0.227531 0.820312 0.083161 0.063322
0 0.698347 0.818257 0.079545 0.065789
1 0.606405 0.749178 0.082645 0.064145
1 0.611829 0.679688 0.082128 0.066612
0 0.317665 0.888158 0.082645 0.060855
0 0.410640 0.889391 0.076446 0.064967
0 0.131457 0.884868 0.097624 0.064145
1 0.690599 0.603618 0.096074 0.090461
1 0.502066 0.882812 0.103306 0.064967
1 0.318957 0.664474 0.108988 0.085526
1 0.515496 0.814967 0.087810 0.064145
1 0.881457 0.614309 0.096591 0.070724
1 0.250775 0.347862 0.102789 0.088816
1 0.231921 0.756168 0.091942 0.064967
0 0.886880 0.759046 0.086777 0.064145
0 0.883523 0.687911 0.092459 0.061678
1 0.793647 0.758224 0.094525 0.064145
1 0.510331 0.610609 0.090909 0.073191
0 0.222882 0.887336 0.075930 0.059211
0 0.789256 0.619243 0.091942 0.059211
1 0.701963 0.682566 0.082645 0.065789
0 0.886880 0.824836 0.081612 0.060855
0 0.323347 0.823602 0.084711 0.060033
1 0.604339 0.608964 0.088843 0.074836
1 0.514979 0.748766 0.086777 0.061678
1 0.608729 0.813734 0.083161 0.063322
0 0.513430 0.684211 0.083678 0.059211
1 0.609246 0.881168 0.084194 0.064967
1 0.788223 0.826480 0.095041 0.067434
