1 0.126558 0.745840 0.111899 0.067435
1 0.317878 0.759058 0.084547 0.069661
1 0.411442 0.690058 0.095514 0.059046
1 0.231888 0.822250 0.091129 0.063645
0 0.336749 0.199048 0.100703 0.050466
1 0.231856 0.755700 0.093669 0.067006
1 0.319244 0.672260 0.077160 0.085217
1 0.322852 0.398123 0.097801 0.060305
1 0.129322 0.261522 0.113569 0.061357
1 0.128210 0.462739 0.108856 0.064737
1 0.223136 0.664266 0.076280 0.074795
0 0.223272 0.594241 0.077636 0.064735
1 0.228801 0.199262 0.079866 0.062644
0 0.338630 0.133675 0.092842 0.052155
1 0.413824 0.608484 0.076703 0.060449
1 0.414782 0.828802 0.076920 0.058573
1 0.874880 0.893470 0.103270 0.077687
1 0.333063 0.261435 0.098395 0.062987
1 0.128522 0.814502 0.113405 0.065933
1 0.130907 0.595268 0.103473 0.058728
0 0.133253 0.884294 0.094852 0.063943
1 0.232237 0.461348 0.091209 0.063891
1 0.327650 0.533945 0.086371 0.075297
0 0.224546 0.266039 0.080820 0.055985
0 0.221097 0.329939 0.092940 0.060177
1 0.132840 0.197294 0.113779 0.061691
0 0.128895 0.328724 0.110007 0.057065
1 0.410292 0.758958 0.094215 0.060204
0 0.320084 0.825073 0.074288 0.054581
0 0.412302 0.893348 0.074088 0.053365
1 0.245264 0.126018 0.115682 0.076934
1 0.414888 0.539158 0.077869 0.061449
1 0.327895 0.466029 0.090587 0.070918
0 0.315544 0.889576 0.078529 0.057780
0 0.139495 0.394718 0.083629 0.056539
1 0.227337 0.396059 0.079866 0.062888
1 0.413343 0.470668 0.076318 0.064925
1 0.135312 0.129834 0.107362 0.065570
1 0.324991 0.600532 0.087698 0.073690
0 0.223209 0.886979 0.076974 0.055830
1 0.139652 0.529804 0.087525 0.062014
1 0.126409 0.663741 0.102966 0.070342
1 0.231781 0.529025 0.090642 0.067143
1 0.329886 0.330395 0.098204 0.062946
