1 0.317249 0.379754 0.083994 0.056479
1 0.310882 0.634058 0.076658 0.057430
1 0.126881 0.746314 0.110597 0.064450
1 0.328280 0.180251 0.100866 0.062844
1 0.224102 0.818957 0.078444 0.063115
1 0.316827 0.757473 0.074297 0.059398
1 0.883195 0.697574 0.100131 0.066700
1 0.878664 0.837582 0.103252 0.064386
1 0.129695 0.199290 0.113755 0.061706
1 0.129117 0.663623 0.095693 0.064419
1 0.329174 0.313028 0.101468 0.061031
1 0.230124 0.196878 0.081148 0.064318
1 0.357427 0.115122 0.081061 0.060901
1 0.881941 0.623440 0.098379 0.063168
1 0.128653 0.262800 0.113557 0.061205
1 0.222309 0.668667 0.078073 0.086513
0 0.877794 0.904290 0.099193 0.066741
1 0.312164 0.694331 0.092531 0.054164
1 0.127962 0.596761 0.103250 0.058337
1 0.412652 0.809450 0.077736 0.065753
1 0.880916 0.768559 0.100901 0.065948
1 0.320393 0.244919 0.091771 0.060802
1 0.226012 0.753829 0.082935 0.059998
1 0.127540 0.812330 0.112099 0.066701
0 0.321084 0.445254 0.098633 0.053230
0 0.224913 0.328358 0.082699 0.059465
0 0.314922 0.822998 0.069080 0.049245
1 0.127749 0.462698 0.106978 0.064130
0 0.128382 0.329820 0.106942 0.054727
1 0.322276 0.510014 0.098481 0.064473
1 0.226428 0.459812 0.078955 0.061250
0 0.133223 0.883372 0.093911 0.064656
0 0.137783 0.397215 0.086117 0.057312
0 0.225615 0.263384 0.080557 0.058052
0 0.222337 0.591216 0.076421 0.062763
1 0.136140 0.129682 0.110979 0.067420
1 0.224841 0.394570 0.080801 0.065791
0 0.315656 0.889627 0.069407 0.050518
1 0.317809 0.575354 0.072904 0.053790
0 0.882159 0.526216 0.100515 0.063103
1 0.241021 0.122868 0.107730 0.075569
0 0.221138 0.886831 0.073810 0.057258
1 0.138219 0.530674 0.084570 0.062419
1 0.227253 0.524759 0.078794 0.060774
