1 0.881715 0.696135 0.097107 0.060033
1 0.335486 0.379523 0.097624 0.058388
1 0.879649 0.481908 0.105372 0.065789
1 0.319215 0.710938 0.075413 0.061678
1 0.318182 0.115543 0.097107 0.058388
1 0.125258 0.711760 0.107955 0.069901
1 0.323089 0.510691 0.098657 0.064145
1 0.878099 0.836760 0.100207 0.061678
0 0.133781 0.382401 0.099174 0.057566
1 0.224690 0.708470 0.080579 0.060033
0 0.317924 0.577714 0.083161 0.053454
1 0.316374 0.821957 0.089360 0.066612
1 0.121126 0.781661 0.096591 0.063322
1 0.880165 0.768092 0.099174 0.065789
1 0.127841 0.579770 0.106921 0.057566
0 0.877583 0.903372 0.097107 0.066612
1 0.138946 0.514391 0.091942 0.060033
0 0.130424 0.316612 0.110021 0.059211
0 0.883523 0.548520 0.098657 0.057566
1 0.226240 0.509868 0.076446 0.060855
1 0.326446 0.313322 0.096074 0.059211
0 0.223399 0.885280 0.084194 0.058388
1 0.883006 0.615543 0.102789 0.069901
1 0.126808 0.119243 0.113120 0.069079
1 0.129907 0.185033 0.112087 0.062500
0 0.127583 0.851151 0.083678 0.075658
1 0.317407 0.444490 0.076963 0.056743
1 0.231147 0.576480 0.090393 0.057566
1 0.321798 0.180921 0.098140 0.059211
0 0.329804 0.890214 0.097624 0.063322
1 0.131973 0.251645 0.116219 0.067434
1 0.228564 0.115543 0.082128 0.060033
1 0.882748 0.413240 0.105372 0.069901
1 0.129390 0.446957 0.110021 0.064967
1 0.317665 0.642681 0.087810 0.061678
0 0.225723 0.444079 0.084711 0.054276
1 0.239928 0.247533 0.092459 0.059211
1 0.232180 0.181743 0.086260 0.062500
1 0.223399 0.643092 0.076963 0.055921
0 0.222624 0.379934 0.084711 0.055921
1 0.327738 0.247122 0.076963 0.060033
1 0.131198 0.644326 0.100207 0.061678
0 0.224174 0.314967 0.089876 0.067434
