1 0.231921 0.115543 0.092975 0.060033
0 0.127841 0.381990 0.111054 0.064967
1 0.315599 0.710115 0.075413 0.064967
1 0.315599 0.314556 0.112603 0.064967
1 0.316890 0.248766 0.112087 0.063322
0 0.127841 0.446546 0.108988 0.069079
1 0.404184 0.116365 0.099690 0.063322
1 0.128357 0.578947 0.108988 0.069079
1 0.422521 0.183799 0.101240 0.066612
1 0.305269 0.879934 0.100207 0.070724
0 0.122934 0.316201 0.107438 0.066612
1 0.327221 0.444490 0.084194 0.066612
1 0.415031 0.381579 0.076963 0.057566
1 0.317924 0.642681 0.073864 0.055099
1 0.128874 0.182566 0.113120 0.067434
1 0.124225 0.115954 0.108988 0.067434
1 0.132231 0.511102 0.101240 0.069901
1 0.121384 0.788651 0.089876 0.093750
1 0.230372 0.511102 0.090909 0.061678
1 0.322572 0.576069 0.092459 0.066612
1 0.235279 0.378701 0.087293 0.056743
1 0.128874 0.248766 0.116219 0.069901
1 0.230888 0.444079 0.088843 0.059211
1 0.229339 0.245477 0.077479 0.060033
1 0.227789 0.780839 0.085744 0.083059
1 0.401085 0.807155 0.093492 0.068257
1 0.411415 0.449424 0.076963 0.063322
0 0.314050 0.810033 0.082645 0.062500
1 0.126550 0.710938 0.110537 0.071546
1 0.237345 0.182155 0.088326 0.060033
0 0.318698 0.114720 0.100207 0.053454
0 0.223399 0.708059 0.079029 0.059211
1 0.225723 0.312089 0.076446 0.061678
0 0.225723 0.576069 0.077479 0.058388
0 0.400568 0.877056 0.094525 0.068257
1 0.411674 0.317845 0.080579 0.060033
0 0.406508 0.252467 0.098140 0.050987
1 0.319990 0.178865 0.088326 0.064967
1 0.228048 0.640625 0.083161 0.065789
1 0.215134 0.850329 0.079029 0.064145
0 0.317149 0.510280 0.079545 0.056743
1 0.136880 0.645148 0.090909 0.069901
0 0.321539 0.379523 0.085227 0.056743
0 0.115961 0.872944 0.091426 0.081414
