1 0.403667 0.646793 0.098657 0.066612
1 0.412190 0.579359 0.082645 0.063322
1 0.230372 0.818668 0.089876 0.071546
1 0.128874 0.804276 0.097624 0.065789
1 0.306302 0.662418 0.099174 0.081414
1 0.311983 0.759457 0.102273 0.068257
1 0.310692 0.887336 0.085227 0.064145
0 0.127841 0.881168 0.102789 0.064967
0 0.132490 0.447780 0.095558 0.063322
1 0.416839 0.179688 0.080579 0.061678
1 0.125258 0.118010 0.112087 0.068257
1 0.225981 0.115132 0.077996 0.059211
1 0.126550 0.711760 0.102273 0.063322
1 0.224690 0.444079 0.076446 0.064145
1 0.414773 0.113898 0.084711 0.061678
1 0.406767 0.313322 0.090393 0.062500
1 0.123709 0.187089 0.104855 0.069901
1 0.310950 0.460938 0.099174 0.071546
1 0.128357 0.250822 0.116219 0.067434
1 0.136622 0.513158 0.094525 0.067434
0 0.119835 0.383635 0.089876 0.058388
1 0.309659 0.330592 0.097624 0.075658
0 0.123192 0.318668 0.105888 0.064967
1 0.310692 0.262336 0.097624 0.072368
1 0.223657 0.510691 0.078512 0.070724
0 0.221333 0.706826 0.076963 0.060033
1 0.316116 0.191612 0.098140 0.080592
1 0.134298 0.579359 0.100207 0.064967
1 0.225465 0.378701 0.076963 0.061678
1 0.224432 0.311266 0.079029 0.063322
1 0.230114 0.243832 0.073864 0.060033
1 0.315857 0.392270 0.104855 0.075658
0 0.222882 0.643092 0.073864 0.067434
0 0.317665 0.824424 0.076446 0.055099
1 0.139205 0.644326 0.085227 0.064967
0 0.404959 0.247122 0.098140 0.050164
1 0.231405 0.178865 0.076446 0.061678
0 0.224690 0.576069 0.073347 0.060033
1 0.413998 0.512747 0.076963 0.063322
0 0.319473 0.120888 0.104855 0.077303
0 0.409091 0.446546 0.084711 0.052632
1 0.317407 0.526727 0.091426 0.071546
0 0.410640 0.381579 0.082645 0.052632
1 0.223399 0.885691 0.081095 0.064145
