1 0.229597 0.795641 0.089360 0.064967
1 0.325671 0.577714 0.085227 0.061678
1 0.232955 0.115543 0.092975 0.060033
1 0.315599 0.799342 0.078512 0.080592
1 0.311467 0.314967 0.094008 0.064145
1 0.315857 0.712582 0.072831 0.061678
1 0.317924 0.877056 0.096591 0.078125
1 0.224948 0.509868 0.079029 0.064145
1 0.129132 0.247944 0.116736 0.066612
0 0.139205 0.381990 0.091426 0.053454
1 0.326705 0.446135 0.085227 0.063322
1 0.317407 0.248766 0.087293 0.063322
1 0.125517 0.116365 0.110537 0.066612
1 0.129132 0.181332 0.113636 0.064967
1 0.228048 0.707237 0.086260 0.065789
1 0.235021 0.245477 0.086777 0.060033
1 0.119576 0.854030 0.095558 0.099507
1 0.322831 0.181332 0.085744 0.066612
1 0.234504 0.379112 0.087810 0.057566
0 0.137655 0.444490 0.088326 0.053454
1 0.137397 0.509457 0.095041 0.063322
1 0.128357 0.709293 0.104855 0.063322
1 0.319731 0.512747 0.106405 0.061678
0 0.869576 0.875822 0.102789 0.074013
1 0.237087 0.180510 0.090909 0.061678
0 0.125775 0.313322 0.107955 0.059211
0 0.223140 0.639803 0.075413 0.059211
1 0.232180 0.444079 0.095558 0.060855
0 0.314824 0.115132 0.095558 0.055921
1 0.228822 0.883635 0.088843 0.068257
1 0.405475 0.369243 0.094008 0.074013
0 0.413481 0.572368 0.076963 0.060855
0 0.412448 0.437500 0.079029 0.065789
0 0.867769 0.790296 0.099174 0.070724
1 0.324380 0.381168 0.084711 0.063322
1 0.226498 0.312500 0.081095 0.062500
1 0.133523 0.574836 0.102789 0.062500
0 0.877066 0.588405 0.104339 0.078125
1 0.132490 0.782072 0.097624 0.075658
1 0.136880 0.642681 0.091942 0.060033
1 0.229339 0.575658 0.085744 0.059211
0 0.419163 0.502878 0.079029 0.064967
1 0.320506 0.645148 0.086260 0.061678
0 0.410382 0.641859 0.076963 0.061678
