1 0.231405 0.115543 0.096074 0.060033
1 0.132231 0.868010 0.099174 0.087993
1 0.322056 0.576891 0.081095 0.061678
1 0.232438 0.509046 0.089876 0.064145
0 0.882231 0.639391 0.100207 0.048520
0 0.875000 0.569079 0.091942 0.049342
1 0.315857 0.379112 0.088326 0.054276
1 0.315083 0.312911 0.088843 0.058388
0 0.871643 0.703947 0.086260 0.044408
1 0.229855 0.314145 0.085744 0.065789
0 0.880165 0.901727 0.097107 0.061678
0 0.883523 0.504112 0.101756 0.050987
0 0.876808 0.438734 0.094525 0.050164
0 0.870610 0.838405 0.086260 0.045230
1 0.326705 0.444901 0.099690 0.062500
1 0.230372 0.820724 0.073347 0.062500
0 0.881457 0.769326 0.097624 0.046875
1 0.129132 0.796875 0.083678 0.075658
1 0.229855 0.443668 0.087810 0.063322
0 0.323605 0.886102 0.098657 0.066612
1 0.237345 0.179688 0.091426 0.063322
1 0.325155 0.178865 0.084194 0.066612
1 0.323089 0.245888 0.076963 0.057566
1 0.121126 0.111842 0.104855 0.067434
1 0.224432 0.884868 0.082128 0.060855
1 0.225723 0.377878 0.080579 0.061678
1 0.319473 0.512747 0.075930 0.060033
0 0.319731 0.710938 0.082645 0.063322
1 0.238895 0.247533 0.087293 0.065789
1 0.126033 0.648849 0.106405 0.082237
1 0.119576 0.499589 0.102789 0.064967
0 0.883523 0.372944 0.101756 0.051809
1 0.229597 0.575658 0.085227 0.059211
1 0.116994 0.421053 0.104855 0.087171
1 0.316116 0.644326 0.098140 0.068257
1 0.322831 0.794819 0.083678 0.099507
1 0.123192 0.195312 0.108988 0.099507
1 0.110021 0.564556 0.092975 0.063322
0 0.316890 0.113487 0.091426 0.054276
1 0.124742 0.343750 0.105888 0.110197
1 0.133781 0.266447 0.103306 0.098684
1 0.225465 0.720806 0.090393 0.084704
1 0.120610 0.726974 0.090393 0.067434
1 0.223915 0.640625 0.076963 0.062500
