0 0.130940 0.794408 0.091426 0.074013
1 0.134814 0.716694 0.096074 0.071546
1 0.310950 0.361431 0.100207 0.063322
1 0.310176 0.427220 0.098657 0.064967
1 0.134556 0.881990 0.099690 0.060033
0 0.874483 0.568257 0.092975 0.047697
0 0.881715 0.638158 0.100207 0.049342
1 0.316374 0.691612 0.081095 0.062500
0 0.879907 0.902138 0.097624 0.062500
1 0.136364 0.516036 0.094008 0.068257
0 0.868543 0.703947 0.082128 0.044408
1 0.224432 0.396793 0.075930 0.079770
1 0.125517 0.120066 0.112603 0.077303
1 0.311725 0.295641 0.100723 0.061678
1 0.224948 0.321957 0.080062 0.064967
1 0.132748 0.190378 0.112603 0.069901
0 0.883264 0.503289 0.102273 0.050987
1 0.134556 0.582237 0.100723 0.065789
1 0.224174 0.121711 0.082645 0.070724
0 0.870610 0.837993 0.085227 0.046053
1 0.329029 0.825247 0.076446 0.064967
1 0.126808 0.385280 0.100723 0.066612
1 0.235795 0.186678 0.087293 0.072368
0 0.881457 0.768914 0.097624 0.047697
1 0.137913 0.256168 0.091942 0.069901
1 0.236312 0.822368 0.098657 0.065789
0 0.873967 0.435855 0.095041 0.052632
0 0.317665 0.757812 0.096074 0.058388
1 0.235279 0.887336 0.093492 0.062500
1 0.316890 0.625411 0.074897 0.061678
0 0.319473 0.161595 0.089360 0.058388
1 0.316374 0.492599 0.081095 0.064145
1 0.125258 0.321957 0.107955 0.069901
1 0.318957 0.559211 0.074897 0.057566
0 0.321281 0.888569 0.077479 0.060033
1 0.138946 0.651727 0.091942 0.068257
1 0.313017 0.229030 0.099174 0.064967
1 0.139721 0.452303 0.090393 0.067434
1 0.225465 0.747533 0.084194 0.090461
1 0.231921 0.539062 0.088843 0.087993
1 0.230114 0.472862 0.085227 0.090461
1 0.227531 0.675987 0.077996 0.088816
1 0.226756 0.254523 0.075413 0.064967
1 0.228306 0.607319 0.082645 0.078125
