1 0.231147 0.822780 0.091426 0.060033
1 0.321023 0.423931 0.089360 0.063322
1 0.335227 0.557566 0.098140 0.062500
0 0.875258 0.423520 0.103822 0.070724
1 0.238895 0.293174 0.091426 0.061678
1 0.137913 0.425164 0.101240 0.060855
0 0.877841 0.741776 0.097624 0.047697
1 0.318698 0.357730 0.090909 0.055921
1 0.236570 0.361020 0.084711 0.060855
1 0.225465 0.621299 0.079029 0.061678
1 0.134039 0.294408 0.113120 0.064145
1 0.224432 0.755345 0.096591 0.061678
0 0.333419 0.227385 0.081095 0.051809
0 0.879132 0.881579 0.096074 0.059211
1 0.246126 0.227796 0.087293 0.062500
1 0.137397 0.882812 0.098140 0.061678
0 0.881715 0.495888 0.101240 0.059211
1 0.336002 0.823602 0.097624 0.064967
0 0.325671 0.756579 0.089360 0.057566
1 0.232696 0.424753 0.091426 0.058388
1 0.226756 0.557155 0.076446 0.055099
0 0.884039 0.817434 0.086260 0.047697
1 0.319990 0.625411 0.091426 0.063322
1 0.132231 0.621299 0.090909 0.058388
1 0.333161 0.690378 0.082645 0.064967
1 0.135331 0.490132 0.103306 0.062500
0 0.874483 0.357319 0.103306 0.073191
0 0.231921 0.158306 0.097107 0.068257
1 0.129390 0.752467 0.083161 0.062500
1 0.235795 0.490132 0.095558 0.062500
0 0.878099 0.675164 0.098140 0.052632
1 0.328771 0.152961 0.097624 0.078947
0 0.880424 0.561266 0.098657 0.053454
1 0.130940 0.161595 0.115186 0.066612
1 0.323605 0.488487 0.079029 0.059211
1 0.130424 0.360609 0.098657 0.060033
1 0.141012 0.227385 0.112603 0.060033
1 0.132231 0.685033 0.081612 0.060855
1 0.137913 0.556743 0.094008 0.069079
1 0.327221 0.290707 0.076963 0.058388
1 0.227531 0.886924 0.072831 0.056743
1 0.233213 0.688734 0.104855 0.063322
1 0.332903 0.890625 0.105888 0.062500
0 0.123192 0.818668 0.090393 0.058388
