0 0.325413 0.166941 0.099174 0.047697
1 0.135847 0.881990 0.096074 0.060033
1 0.233729 0.823602 0.089360 0.060033
1 0.231147 0.625822 0.086260 0.060855
1 0.231921 0.361842 0.104339 0.060855
1 0.135331 0.426398 0.104339 0.061678
0 0.318698 0.108553 0.104339 0.046053
1 0.136880 0.558388 0.087810 0.062500
0 0.231405 0.166530 0.114669 0.050164
0 0.218750 0.107319 0.104855 0.048520
1 0.322831 0.825247 0.079545 0.064967
1 0.329804 0.227796 0.099690 0.062500
1 0.136364 0.623355 0.099174 0.062500
1 0.317149 0.361431 0.098140 0.060033
1 0.234504 0.228618 0.089876 0.062500
1 0.237603 0.427220 0.092975 0.060033
1 0.235795 0.296464 0.090393 0.056743
1 0.133523 0.231908 0.108988 0.060855
1 0.123967 0.111842 0.107438 0.060855
1 0.131198 0.296053 0.115702 0.060855
1 0.129649 0.362253 0.106405 0.061678
1 0.236570 0.757401 0.090909 0.062500
1 0.321023 0.493421 0.080062 0.065789
1 0.231147 0.559622 0.091426 0.064967
1 0.318957 0.560033 0.076963 0.057566
0 0.319731 0.757401 0.076446 0.059211
1 0.326705 0.428454 0.074897 0.059211
1 0.319731 0.625000 0.077479 0.060855
1 0.318698 0.690789 0.081612 0.065789
1 0.136105 0.492599 0.097624 0.064145
1 0.132231 0.752878 0.079545 0.060033
1 0.320248 0.293997 0.088843 0.061678
1 0.137655 0.687089 0.098657 0.061678
1 0.231663 0.495477 0.091426 0.068257
1 0.234504 0.887747 0.091942 0.061678
1 0.231663 0.689556 0.084194 0.060033
0 0.387138 0.688322 0.053202 0.149671
0 0.125775 0.167763 0.106921 0.054276
0 0.385331 0.523026 0.051653 0.162829
1 0.315857 0.891036 0.103822 0.069901
0 0.384814 0.363898 0.054752 0.163651
0 0.121901 0.819079 0.088843 0.059211
0 0.383781 0.845395 0.043388 0.156250
0 0.217717 0.523026 0.100723 0.075658
