1 0.230888 0.753701 0.090909 0.069901
1 0.127841 0.358141 0.104855 0.060033
1 0.231663 0.356497 0.092459 0.060033
0 0.414773 0.673109 0.098140 0.060033
1 0.314308 0.361431 0.088326 0.058388
1 0.131457 0.881168 0.102789 0.060033
1 0.226756 0.622122 0.083678 0.066612
1 0.131198 0.420641 0.106405 0.061678
1 0.233988 0.291530 0.091942 0.063322
1 0.317924 0.428454 0.082128 0.060855
0 0.414773 0.739720 0.097107 0.063322
0 0.412707 0.464227 0.096074 0.071546
1 0.138171 0.683388 0.090393 0.060855
1 0.318440 0.560033 0.079029 0.060855
1 0.222882 0.822368 0.080062 0.062500
1 0.233471 0.224918 0.091942 0.064967
1 0.320764 0.493832 0.079545 0.066612
1 0.129390 0.225740 0.111054 0.061678
0 0.314050 0.162829 0.099174 0.054276
1 0.228048 0.423109 0.080062 0.064967
1 0.318182 0.760280 0.074380 0.061678
1 0.227273 0.555099 0.082645 0.067434
1 0.129649 0.159539 0.114669 0.065789
1 0.319215 0.293174 0.078512 0.060033
1 0.137655 0.553865 0.091426 0.063322
0 0.407541 0.393503 0.097107 0.074836
1 0.137138 0.488076 0.097624 0.064967
0 0.317407 0.226974 0.084194 0.050987
1 0.129907 0.291530 0.114153 0.064967
0 0.411157 0.873355 0.082645 0.067434
1 0.318440 0.692023 0.076963 0.068257
0 0.411415 0.805510 0.082128 0.064967
1 0.135847 0.619655 0.094008 0.063322
1 0.315857 0.826069 0.080062 0.063322
0 0.412448 0.530428 0.083161 0.074013
1 0.137397 0.749178 0.094008 0.062500
0 0.407025 0.604441 0.095041 0.064145
1 0.227531 0.489720 0.081095 0.066612
0 0.234504 0.158717 0.095041 0.060855
1 0.230630 0.887336 0.090393 0.062500
1 0.319731 0.625411 0.076446 0.058388
0 0.123192 0.818257 0.090393 0.057566
1 0.230114 0.694490 0.086260 0.060033
1 0.309143 0.896382 0.088326 0.065789
