1 0.334969 0.193668 0.098657 0.074836
1 0.233213 0.316201 0.092459 0.073191
1 0.132231 0.880757 0.099174 0.067434
1 0.231921 0.519737 0.094008 0.072368
1 0.220558 0.383224 0.106405 0.070724
1 0.308884 0.752878 0.084711 0.074836
1 0.320248 0.527961 0.073347 0.064145
0 0.231147 0.582648 0.093492 0.069901
1 0.231663 0.181332 0.100723 0.064967
1 0.326188 0.397615 0.087293 0.064967
1 0.314050 0.822780 0.078512 0.064967
1 0.234504 0.249589 0.092975 0.068257
1 0.313791 0.886924 0.080062 0.063322
1 0.320506 0.329770 0.081095 0.060855
0 0.412707 0.384457 0.079545 0.084704
0 0.408833 0.527138 0.092459 0.064145
1 0.122159 0.464227 0.096591 0.074836
0 0.326705 0.597451 0.091426 0.064967
1 0.320248 0.263980 0.079545 0.064145
1 0.224690 0.655839 0.086777 0.089638
0 0.414514 0.456826 0.085227 0.069901
0 0.402634 0.728618 0.086260 0.052632
1 0.326188 0.462171 0.083161 0.062500
1 0.325930 0.123766 0.095041 0.079770
1 0.223915 0.821546 0.088326 0.062500
1 0.123709 0.746711 0.085227 0.060855
1 0.127841 0.128289 0.121384 0.085526
0 0.315599 0.673520 0.086777 0.074013
1 0.121643 0.263980 0.112087 0.083882
0 0.407541 0.865132 0.094008 0.062500
1 0.235279 0.116776 0.084194 0.065789
1 0.235021 0.451480 0.088843 0.074013
1 0.123192 0.669819 0.084194 0.083059
0 0.123709 0.811678 0.100723 0.065789
0 0.413481 0.596217 0.082128 0.052632
1 0.227014 0.885691 0.085227 0.062500
0 0.410124 0.662829 0.079545 0.052632
1 0.121901 0.198602 0.107438 0.074836
1 0.120093 0.400905 0.098657 0.069901
0 0.407025 0.795641 0.080579 0.056743
1 0.218492 0.733964 0.094008 0.096217
1 0.121126 0.332237 0.099690 0.077303
1 0.118802 0.599918 0.097107 0.074836
1 0.121901 0.528783 0.103306 0.078947
