1 0.127841 0.638569 0.111054 0.061678
0 0.416064 0.707648 0.090393 0.076480
0 0.418905 0.565378 0.100207 0.064967
1 0.231663 0.640625 0.089360 0.060855
1 0.131973 0.441612 0.101756 0.060855
1 0.322831 0.509457 0.085744 0.061678
0 0.414256 0.636513 0.100207 0.067434
1 0.232180 0.576069 0.092459 0.061678
1 0.131457 0.506579 0.105888 0.060855
1 0.323864 0.115132 0.098140 0.059211
1 0.127066 0.770559 0.110537 0.064145
0 0.221333 0.884046 0.076963 0.062500
1 0.225465 0.311678 0.073864 0.057566
1 0.234504 0.114720 0.089876 0.060033
1 0.319473 0.578125 0.074897 0.055921
1 0.307335 0.377878 0.095041 0.058388
1 0.131973 0.881579 0.099690 0.064145
1 0.326188 0.180510 0.100723 0.061678
0 0.409866 0.844984 0.085227 0.084704
1 0.307593 0.312089 0.097624 0.061678
1 0.323864 0.709293 0.074380 0.061678
0 0.222624 0.775493 0.079545 0.064145
1 0.416064 0.772615 0.074897 0.073191
1 0.128357 0.115132 0.114153 0.064145
1 0.134556 0.375822 0.103822 0.060855
1 0.134298 0.706414 0.102273 0.064145
1 0.227014 0.707237 0.080062 0.062500
1 0.131973 0.244243 0.104855 0.062500
1 0.232180 0.180099 0.082128 0.057566
1 0.133264 0.310444 0.107438 0.061678
0 0.320764 0.444079 0.107438 0.059211
0 0.419938 0.432977 0.084711 0.068257
1 0.227531 0.245888 0.081095 0.059211
1 0.122676 0.571957 0.112087 0.060033
1 0.318957 0.788651 0.077996 0.078947
0 0.411157 0.500822 0.080579 0.069079
0 0.413481 0.363898 0.093492 0.066612
1 0.226498 0.441612 0.079029 0.062500
1 0.322831 0.247122 0.087810 0.056743
1 0.132748 0.180099 0.108471 0.059211
1 0.231147 0.508635 0.088326 0.060033
1 0.311983 0.859786 0.080579 0.078125
0 0.317665 0.643503 0.075413 0.058388
0 0.225465 0.377878 0.075930 0.050164
