1 0.883006 0.458059 0.105888 0.080592
1 0.766529 0.547697 0.086777 0.065789
1 0.887397 0.750822 0.086777 0.065789
1 0.886622 0.886924 0.083161 0.066612
1 0.883523 0.817023 0.092459 0.064967
1 0.690857 0.335526 0.095558 0.072368
1 0.888946 0.257401 0.097107 0.072368
1 0.587293 0.523438 0.087810 0.066612
0 0.883264 0.525493 0.097107 0.075658
0 0.891012 0.324013 0.091942 0.069079
1 0.768595 0.478207 0.094008 0.068257
0 0.785899 0.814967 0.102789 0.062500
1 0.893079 0.191201 0.094008 0.069901
0 0.778151 0.276727 0.077996 0.074836
0 0.699897 0.271382 0.080579 0.059211
1 0.591684 0.588816 0.096591 0.067434
1 0.670455 0.671464 0.078512 0.068257
1 0.590651 0.453947 0.093492 0.069079
1 0.595558 0.320724 0.098140 0.064145
1 0.697831 0.129934 0.103306 0.074013
1 0.676653 0.466694 0.081612 0.068257
0 0.687242 0.402961 0.087293 0.062500
1 0.883781 0.594572 0.098140 0.072368
1 0.892045 0.122122 0.098140 0.076480
0 0.598140 0.186678 0.107438 0.062500
0 0.775052 0.345806 0.076963 0.064967
1 0.592200 0.250411 0.094525 0.064967
1 0.595816 0.386513 0.099690 0.062500
1 0.884814 0.669408 0.095041 0.093750
0 0.789256 0.748355 0.108471 0.057566
1 0.583936 0.116776 0.081095 0.064145
1 0.675362 0.534539 0.081095 0.069079
0 0.774793 0.412418 0.081612 0.064967
1 0.889721 0.391036 0.091426 0.066612
1 0.788481 0.206826 0.096591 0.078125
1 0.675362 0.601562 0.074897 0.064967
1 0.796229 0.126234 0.097624 0.074836
1 0.788740 0.681743 0.079545 0.064145
1 0.700671 0.203125 0.077996 0.065789
1 0.672779 0.805510 0.097624 0.066612
0 0.670455 0.738487 0.094008 0.060855
1 0.790806 0.614720 0.082645 0.063322
0 0.774277 0.895148 0.085744 0.074836
1 0.677944 0.881990 0.099690 0.091283
