1 0.112087 0.514391 0.087810 0.063322
1 0.115444 0.183799 0.102789 0.066612
1 0.113636 0.579359 0.089876 0.063322
1 0.220558 0.809622 0.074380 0.073191
1 0.417097 0.382812 0.079029 0.071546
1 0.121126 0.317845 0.095558 0.063322
1 0.115702 0.450658 0.099174 0.064145
1 0.232438 0.664062 0.090909 0.073191
1 0.123450 0.646382 0.108471 0.067434
1 0.404700 0.111842 0.098657 0.064145
1 0.209452 0.198602 0.087293 0.064967
1 0.320506 0.668174 0.076963 0.063322
0 0.231405 0.129523 0.099174 0.066612
1 0.297779 0.392270 0.083161 0.069079
1 0.418388 0.246299 0.074380 0.066612
1 0.112087 0.115132 0.094008 0.067434
0 0.112603 0.781250 0.088843 0.060855
1 0.120610 0.251234 0.100723 0.071546
1 0.230372 0.593339 0.077479 0.066612
0 0.408316 0.513569 0.092459 0.069901
0 0.219008 0.737664 0.083678 0.065789
1 0.410124 0.585526 0.099174 0.082237
0 0.209194 0.393503 0.083678 0.063322
1 0.304236 0.816612 0.099174 0.072368
1 0.210744 0.327303 0.087810 0.062500
1 0.308368 0.738487 0.101240 0.072368
0 0.221074 0.525082 0.078512 0.063322
0 0.298295 0.323191 0.085227 0.060855
1 0.120093 0.383224 0.098657 0.064145
1 0.324122 0.597451 0.074897 0.068257
1 0.221333 0.458470 0.077996 0.064967
1 0.303461 0.461760 0.088326 0.066612
0 0.416839 0.314556 0.076446 0.064967
0 0.215651 0.263158 0.095558 0.060855
0 0.300620 0.255757 0.083678 0.060855
1 0.320506 0.122122 0.076963 0.068257
1 0.299845 0.530016 0.081095 0.073191
1 0.416064 0.179276 0.081095 0.062500
0 0.303202 0.190378 0.099174 0.063322
0 0.112862 0.712582 0.090393 0.060033
1 0.325413 0.887747 0.097107 0.069901
1 0.415548 0.449013 0.083161 0.069079
1 0.127066 0.856908 0.109504 0.083882
0 0.358471 0.314145 0.040289 0.070724
0 0.357955 0.248355 0.041322 0.069079
1 0.213585 0.874589 0.097624 0.069901
