1 0.616219 0.244655 0.109504 0.063322
0 0.807593 0.598684 0.096591 0.085526
1 0.903151 0.268503 0.097624 0.066612
1 0.612345 0.379523 0.108988 0.061678
1 0.676395 0.789062 0.100723 0.064967
1 0.891012 0.677632 0.102273 0.070724
1 0.901085 0.473684 0.092459 0.070724
1 0.808110 0.456826 0.092459 0.066612
1 0.806043 0.118421 0.095558 0.067434
1 0.714101 0.384046 0.089360 0.069079
1 0.905217 0.201069 0.101756 0.068257
1 0.901860 0.401727 0.090909 0.061678
1 0.613120 0.313734 0.115702 0.064967
1 0.784607 0.812089 0.097107 0.078125
1 0.618543 0.513980 0.087293 0.064145
1 0.806560 0.390625 0.092459 0.072368
0 0.898502 0.539474 0.090393 0.067434
1 0.901343 0.126645 0.098140 0.075658
1 0.710486 0.587993 0.083161 0.065789
1 0.684401 0.856908 0.098140 0.067434
1 0.794421 0.887336 0.106405 0.088816
0 0.718492 0.184211 0.103306 0.049342
1 0.888946 0.746711 0.095041 0.075658
1 0.900052 0.610197 0.086260 0.069079
0 0.809659 0.187500 0.101756 0.052632
1 0.611829 0.179688 0.113120 0.064967
0 0.714618 0.451891 0.089360 0.058388
0 0.694215 0.655016 0.099174 0.063322
0 0.715134 0.117599 0.112087 0.057566
1 0.794938 0.738076 0.089876 0.081414
1 0.811725 0.323602 0.098657 0.069901
1 0.719008 0.248766 0.091942 0.063322
1 0.805785 0.524260 0.090909 0.066612
0 0.888688 0.907072 0.097624 0.069079
1 0.606147 0.448191 0.094525 0.065789
0 0.585486 0.582237 0.099690 0.064145
0 0.903667 0.335526 0.091426 0.052632
1 0.714618 0.519326 0.084194 0.066612
1 0.696023 0.721217 0.101756 0.067434
0 0.815341 0.253701 0.100723 0.058388
1 0.797779 0.666118 0.087293 0.085526
1 0.606663 0.110609 0.104855 0.063322
0 0.718492 0.318668 0.090909 0.050164
1 0.886622 0.817845 0.090393 0.086349
