1 0.615186 0.245066 0.108471 0.064145
1 0.611570 0.381168 0.109504 0.064967
1 0.794421 0.895559 0.110537 0.085526
1 0.892045 0.698191 0.098140 0.069079
1 0.904442 0.403372 0.086777 0.064967
1 0.699380 0.592516 0.104339 0.074836
1 0.792614 0.753289 0.098657 0.083882
0 0.800103 0.616365 0.092975 0.083059
0 0.706095 0.671875 0.092975 0.098684
1 0.612603 0.314145 0.116736 0.065789
1 0.805785 0.118421 0.096074 0.067434
1 0.594267 0.516036 0.101756 0.066612
1 0.904959 0.201069 0.101240 0.068257
1 0.903667 0.267681 0.096591 0.066612
1 0.714360 0.383635 0.090909 0.069901
1 0.685692 0.739309 0.099690 0.097039
0 0.891529 0.554276 0.099174 0.088816
1 0.895403 0.480674 0.097624 0.089638
1 0.901343 0.126645 0.098140 0.075658
1 0.807593 0.393092 0.092459 0.080592
0 0.719267 0.183799 0.101756 0.050164
0 0.904442 0.334704 0.091942 0.060855
1 0.895919 0.625000 0.090393 0.077303
1 0.612087 0.179688 0.113636 0.064967
0 0.706870 0.450658 0.089360 0.062500
1 0.717717 0.247944 0.087293 0.064967
0 0.815083 0.252467 0.098140 0.062500
1 0.695248 0.517270 0.082645 0.069079
0 0.809917 0.187089 0.100207 0.055099
1 0.890238 0.766859 0.094525 0.068257
1 0.682076 0.882812 0.091426 0.087993
0 0.715393 0.117188 0.111570 0.056743
1 0.788998 0.538651 0.085227 0.100329
0 0.889979 0.907072 0.095041 0.072368
0 0.584711 0.583882 0.101240 0.070724
1 0.606921 0.110609 0.105372 0.063322
1 0.811725 0.323602 0.091426 0.074836
0 0.882490 0.830592 0.092459 0.069079
1 0.604339 0.449013 0.101240 0.067434
1 0.787448 0.823602 0.097624 0.084704
1 0.792614 0.465461 0.103822 0.101974
1 0.672004 0.802632 0.106405 0.101974
0 0.717717 0.317845 0.089360 0.058388
1 0.790031 0.688734 0.101756 0.097862
1 0.881457 0.831003 0.099690 0.071546
