1 0.807571 0.871722 0.092184 0.088002
0 0.808183 0.517275 0.101423 0.078715
1 0.702493 0.859109 0.104109 0.070723
1 0.807596 0.105818 0.095342 0.065370
1 0.616425 0.243387 0.107958 0.060569
1 0.614014 0.311679 0.112631 0.065132
1 0.896717 0.662849 0.097090 0.066138
1 0.896828 0.740217 0.091200 0.065028
1 0.811506 0.377840 0.100817 0.069292
1 0.903643 0.182116 0.100536 0.066900
1 0.608427 0.380949 0.106501 0.072096
1 0.802198 0.658244 0.095013 0.065309
1 0.700673 0.590240 0.103598 0.066363
1 0.701925 0.791919 0.099750 0.063167
0 0.811291 0.175991 0.101585 0.051776
0 0.898308 0.523448 0.091447 0.063285
1 0.515404 0.485813 0.102539 0.071683
1 0.899334 0.107580 0.100386 0.075130
1 0.709248 0.443333 0.099349 0.065745
1 0.898135 0.594516 0.097127 0.068996
1 0.420907 0.436392 0.102403 0.076821
1 0.817362 0.310550 0.101861 0.066500
0 0.802006 0.589621 0.097763 0.065660
1 0.714948 0.373757 0.093930 0.065540
1 0.803025 0.728874 0.091445 0.063872
1 0.900875 0.455261 0.094460 0.071228
0 0.700539 0.656678 0.103660 0.059354
1 0.908584 0.384998 0.082512 0.064221
1 0.807333 0.798173 0.083791 0.072777
0 0.819168 0.242764 0.098557 0.054741
0 0.900041 0.888661 0.089128 0.064325
0 0.721609 0.173992 0.098928 0.050940
1 0.903247 0.250384 0.097581 0.062066
0 0.700755 0.519831 0.103270 0.069931
1 0.613153 0.175878 0.119068 0.066827
1 0.703735 0.723972 0.096178 0.066015
1 0.722092 0.239897 0.095786 0.064463
0 0.715673 0.106799 0.110587 0.056455
1 0.612469 0.467440 0.097037 0.092947
1 0.607650 0.106641 0.105808 0.063984
1 0.809400 0.447271 0.091434 0.069166
0 0.907176 0.317000 0.087023 0.054311
0 0.719780 0.308653 0.088956 0.055200
1 0.898562 0.811575 0.090130 0.066629
