1 0.807335 0.872122 0.091942 0.087993
1 0.702479 0.859375 0.104339 0.070724
0 0.808368 0.516859 0.102273 0.078125
1 0.896694 0.739720 0.091942 0.066612
1 0.807593 0.105674 0.094525 0.064967
1 0.616736 0.243421 0.108471 0.060855
1 0.896694 0.664885 0.099174 0.066612
1 0.610279 0.576069 0.107955 0.076480
1 0.514979 0.485609 0.104339 0.071546
1 0.608471 0.380345 0.106405 0.071546
1 0.614153 0.311678 0.112603 0.064145
1 0.903667 0.182155 0.100723 0.066612
1 0.811725 0.377467 0.100723 0.069079
1 0.802944 0.659128 0.091426 0.066612
1 0.898760 0.595806 0.097107 0.066612
0 0.803719 0.590049 0.099174 0.066612
1 0.701963 0.791530 0.099174 0.063322
1 0.709194 0.443257 0.099174 0.065789
1 0.899535 0.107730 0.100723 0.075658
0 0.898760 0.523849 0.089876 0.062500
1 0.715134 0.373355 0.094525 0.065789
1 0.817407 0.310855 0.101756 0.065789
0 0.811983 0.175987 0.100207 0.052632
1 0.900568 0.455592 0.094525 0.070724
1 0.802686 0.728618 0.090909 0.064145
1 0.908058 0.384868 0.083678 0.064145
1 0.718492 0.589227 0.095041 0.063322
0 0.819215 0.243010 0.098140 0.053454
0 0.703512 0.656250 0.102273 0.057566
1 0.807593 0.798520 0.083161 0.072368
0 0.899019 0.888980 0.090393 0.064145
0 0.721333 0.173520 0.099690 0.050987
1 0.903409 0.250411 0.097107 0.061678
1 0.613636 0.176398 0.119835 0.066612
1 0.702221 0.724095 0.099690 0.064967
0 0.715651 0.106497 0.111054 0.056743
1 0.722107 0.240132 0.096074 0.064145
0 0.705837 0.518914 0.092459 0.067434
1 0.809143 0.447368 0.091426 0.069079
1 0.606405 0.106908 0.107438 0.065789
0 0.907025 0.317023 0.087810 0.053454
0 0.719525 0.308388 0.089876 0.054276
1 0.612603 0.466283 0.097107 0.095395
1 0.898502 0.811678 0.090393 0.065789
