1 0.809143 0.872122 0.089360 0.087993
0 0.810176 0.516447 0.099690 0.077303
1 0.898502 0.666118 0.097624 0.069079
1 0.616994 0.243010 0.108988 0.060033
1 0.896952 0.739720 0.092459 0.066612
1 0.614153 0.311678 0.112603 0.064145
1 0.807593 0.106086 0.094525 0.065789
1 0.811209 0.377878 0.100723 0.069901
1 0.899019 0.596217 0.096591 0.067434
1 0.903667 0.182155 0.100723 0.066612
1 0.715651 0.582648 0.092459 0.069901
1 0.608213 0.379112 0.104855 0.067434
1 0.703254 0.855263 0.105888 0.067434
0 0.806818 0.587993 0.092975 0.067434
1 0.608471 0.453125 0.102273 0.078947
1 0.803977 0.658306 0.094525 0.066612
0 0.898502 0.523438 0.090393 0.063322
1 0.899535 0.107730 0.100723 0.075658
0 0.811467 0.175576 0.100207 0.051809
1 0.816890 0.310444 0.102789 0.066612
1 0.708678 0.443257 0.100207 0.065789
1 0.900826 0.454770 0.094008 0.070724
1 0.714360 0.373766 0.096074 0.064967
1 0.804494 0.729852 0.089360 0.064967
1 0.907800 0.384868 0.084194 0.064145
0 0.818957 0.242599 0.098657 0.054276
1 0.702479 0.788240 0.101240 0.063322
1 0.903151 0.250000 0.097624 0.062500
0 0.900052 0.888569 0.089360 0.064967
1 0.705320 0.719161 0.097624 0.066612
0 0.721074 0.173520 0.101240 0.050987
1 0.613636 0.175987 0.119835 0.067434
0 0.715651 0.106908 0.111054 0.055921
1 0.721591 0.239720 0.097107 0.064967
1 0.807851 0.798520 0.082645 0.072368
0 0.709194 0.510691 0.088843 0.065789
0 0.715134 0.650082 0.089360 0.061678
1 0.810434 0.448191 0.094008 0.069079
1 0.608213 0.106908 0.106921 0.064145
0 0.906767 0.317434 0.088326 0.054276
0 0.719267 0.308799 0.090393 0.053454
1 0.612087 0.564556 0.113636 0.086349
1 0.898760 0.812089 0.089876 0.066612
1 0.604339 0.636513 0.104339 0.070724
