0 0.434115 0.102778 0.095312 0.087037
1 0.633594 0.139352 0.096354 0.076852
0 0.332292 0.159722 0.094792 0.071296
0 0.532031 0.153241 0.093229 0.075000
0 0.641667 0.214352 0.103125 0.075000
0 0.431771 0.254630 0.098958 0.070370
1 0.535156 0.242130 0.101562 0.110185
1 0.231250 0.309259 0.106250 0.075926
1 0.525260 0.316204 0.101562 0.110185
1 0.628906 0.352315 0.102604 0.078704
1 0.439583 0.336574 0.094792 0.104630
1 0.331510 0.394444 0.101562 0.085185
1 0.118229 0.450926 0.111458 0.120370
0 0.652604 0.429167 0.110417 0.078704
0 0.535417 0.402778 0.109375 0.114815
0 0.537240 0.491667 0.104688 0.088889
0 0.428125 0.494444 0.102083 0.100000
0 0.644010 0.506019 0.106771 0.075000
1 0.425781 0.581481 0.103646 0.085185
0 0.535417 0.572222 0.105208 0.083333
0 0.317969 0.577315 0.107813 0.087963
1 0.658594 0.590741 0.111979 0.079630
0 0.104167 0.566204 0.110417 0.110185
1 0.536719 0.657870 0.108854 0.093519
1 0.668750 0.674074 0.110417 0.081481
0 0.096354 0.660648 0.108333 0.086111
0 0.533073 0.744444 0.113021 0.085185
1 0.310156 0.746296 0.103646 0.085185
0 0.666927 0.759722 0.114062 0.084259
0 0.088802 0.748148 0.113021 0.092593
0 0.546094 0.831481 0.108854 0.088889
0 0.084115 0.835185 0.107813 0.090741
1 0.661458 0.841204 0.113542 0.089815
0 0.303385 0.932870 0.111979 0.091667
0 0.536458 0.084259 0.102083 0.072222
1 0.147396 0.070833 0.096875 0.073148
1 0.336979 0.085648 0.093750 0.073148
0 0.139844 0.137500 0.099479 0.067593
0 0.234375 0.156481 0.092708 0.077778
1 0.132292 0.212500 0.105208 0.073148
0 0.432552 0.180556 0.097396 0.081481
1 0.332031 0.236574 0.097396 0.076852
0 0.230990 0.230556 0.099479 0.083333
0 0.128125 0.287037 0.103125 0.070370
1 0.653125 0.281944 0.095833 0.069444
0 0.340104 0.316667 0.098958 0.094444
0 0.123177 0.363889 0.107813 0.077778
1 0.225781 0.381481 0.098437 0.081481
0 0.433594 0.411574 0.098437 0.104630
0 0.196615 0.482407 0.113021 0.120370
0 0.310156 0.481944 0.105729 0.115741
0 0.213281 0.570370 0.110937 0.075926
0 0.210677 0.654167 0.099479 0.078704
0 0.425260 0.663426 0.105729 0.086111
1 0.316406 0.659722 0.106771 0.089815
1 0.202865 0.744444 0.113021 0.092593
0 0.418229 0.747222 0.104167 0.087037
1 0.308333 0.838426 0.114583 0.093519
0 0.423958 0.833333 0.110417 0.085185
0 0.197656 0.843519 0.109896 0.081481
0 0.418490 0.930093 0.114062 0.089815
0 0.188542 0.932407 0.113542 0.087037
0 0.075521 0.925463 0.110417 0.086111
0 0.241146 0.082407 0.090625 0.083333
0 0.674219 0.936111 0.114062 0.088889
1 0.538281 0.922685 0.114062 0.089815
