0 0.593229 0.107407 0.096875 0.072222
0 0.491146 0.131944 0.103125 0.075000
1 0.781771 0.181481 0.106250 0.068519
1 0.677083 0.180093 0.103125 0.073148
0 0.570573 0.195370 0.104688 0.066667
0 0.470052 0.209259 0.103646 0.053704
0 0.878125 0.200463 0.106250 0.069444
1 0.781250 0.249537 0.087500 0.065741
1 0.690625 0.252778 0.101042 0.074074
0 0.585677 0.266667 0.102604 0.072222
0 0.882292 0.269444 0.103125 0.074074
0 0.383594 0.284259 0.103646 0.055556
0 0.482552 0.283333 0.103646 0.053704
0 0.792188 0.322685 0.101042 0.067593
1 0.690625 0.323148 0.101042 0.064815
0 0.586198 0.339815 0.102604 0.072222
0 0.888542 0.341667 0.104167 0.072222
0 0.455469 0.356019 0.103646 0.054630
1 0.791667 0.397222 0.100000 0.070370
1 0.689844 0.401389 0.102604 0.087963
0 0.581771 0.419444 0.103125 0.075926
0 0.482031 0.432870 0.103646 0.056481
1 0.793490 0.481019 0.109896 0.073148
1 0.681250 0.476389 0.105208 0.075000
0 0.572917 0.493519 0.103125 0.072222
0 0.901823 0.493519 0.106771 0.072222
0 0.367448 0.507407 0.103646 0.055556
1 0.471094 0.506944 0.103646 0.056481
1 0.692969 0.549537 0.105729 0.080556
0 0.801823 0.560185 0.102604 0.074074
0 0.589063 0.572222 0.103125 0.077778
1 0.484115 0.587037 0.103646 0.057407
0 0.807552 0.632870 0.103646 0.058333
0 0.587240 0.658796 0.103646 0.086111
1 0.917448 0.656481 0.108854 0.094444
1 0.476302 0.666204 0.106771 0.078704
1 0.808073 0.715278 0.104688 0.091667
1 0.693750 0.717130 0.113542 0.082407
0 0.580729 0.744907 0.103125 0.091667
0 0.468490 0.752778 0.103646 0.061111
1 0.921354 0.737037 0.106250 0.085185
0 0.359115 0.755093 0.103646 0.062037
1 0.816406 0.801852 0.103646 0.062963
0 0.585156 0.831481 0.104688 0.094444
0 0.922396 0.822685 0.111458 0.078704
0 0.354167 0.842593 0.117708 0.092593
0 0.575000 0.923148 0.106250 0.092593
0 0.928125 0.918981 0.114583 0.095370
1 0.871094 0.125926 0.103646 0.057407
0 0.394531 0.134722 0.105729 0.078704
0 0.372656 0.204630 0.105729 0.077778
0 0.355990 0.350463 0.109896 0.076852
0 0.373437 0.423148 0.104167 0.074074
0 0.893750 0.415741 0.102083 0.074074
0 0.378906 0.587037 0.103646 0.057407
0 0.906250 0.573148 0.103125 0.070370
1 0.697917 0.630093 0.110417 0.080556
0 0.366927 0.669907 0.103646 0.058333
0 0.466927 0.842130 0.110937 0.089815
0 0.340625 0.937037 0.117708 0.092593
0 0.456510 0.937500 0.110937 0.089815
1 0.706250 0.889815 0.106250 0.092593
1 0.700000 0.803241 0.113542 0.091667
1 0.690104 0.108333 0.103125 0.074074
1 0.782031 0.100926 0.088021 0.074074
0 0.816667 0.900000 0.106250 0.092593
