0 0.531771 0.083796 0.092708 0.075000
1 0.633333 0.110185 0.096875 0.111111
0 0.333594 0.159259 0.095312 0.072222
0 0.533333 0.162037 0.097917 0.081481
0 0.640625 0.196296 0.107292 0.075926
1 0.334115 0.227778 0.094271 0.074074
1 0.537240 0.232407 0.094271 0.079630
1 0.540625 0.309722 0.101042 0.084259
1 0.644010 0.341204 0.098437 0.080556
1 0.225000 0.379167 0.104167 0.080556
0 0.542188 0.383796 0.098958 0.080556
1 0.120573 0.450926 0.119271 0.116667
1 0.646354 0.413426 0.102083 0.080556
0 0.440885 0.417130 0.099479 0.102778
0 0.539583 0.469444 0.107292 0.094444
1 0.647135 0.495833 0.103646 0.087963
0 0.539062 0.538889 0.102083 0.075926
0 0.642969 0.574537 0.105729 0.093519
0 0.105469 0.568519 0.108854 0.107407
1 0.535156 0.624537 0.105729 0.091667
0 0.642969 0.655556 0.106771 0.092593
1 0.316927 0.662963 0.108854 0.088889
0 0.097656 0.658333 0.110937 0.079630
0 0.532813 0.713426 0.105208 0.102778
1 0.310677 0.747685 0.103646 0.082407
0 0.419531 0.748148 0.108854 0.083333
0 0.667188 0.741667 0.111458 0.096296
0 0.674219 0.919444 0.117188 0.090741
0 0.088542 0.743056 0.109375 0.082407
0 0.545833 0.798611 0.109375 0.112037
1 0.308333 0.836111 0.113542 0.090741
1 0.657552 0.829167 0.116146 0.099074
0 0.416927 0.928704 0.111979 0.092593
0 0.074219 0.922685 0.114062 0.080556
1 0.535417 0.900926 0.115625 0.125926
1 0.142448 0.068981 0.101562 0.073148
0 0.241406 0.083333 0.091146 0.075926
1 0.339583 0.088889 0.093750 0.077778
0 0.433854 0.100000 0.097917 0.085185
0 0.136458 0.139352 0.100000 0.073148
0 0.235677 0.153704 0.094271 0.077778
1 0.132292 0.214815 0.103125 0.066667
0 0.433594 0.176389 0.095312 0.082407
0 0.233073 0.226389 0.098437 0.073148
1 0.650000 0.268519 0.094792 0.075926
0 0.433333 0.253241 0.095833 0.087963
0 0.127083 0.287500 0.112500 0.073148
1 0.232813 0.309722 0.107292 0.082407
0 0.122396 0.358796 0.110417 0.067593
1 0.443229 0.336111 0.098958 0.105556
1 0.329948 0.393056 0.104688 0.089815
0 0.429948 0.490278 0.106771 0.106481
0 0.310937 0.475463 0.103125 0.130556
0 0.211198 0.573611 0.107813 0.082407
0 0.316406 0.581481 0.103646 0.088889
1 0.426042 0.577778 0.108333 0.081481
0 0.209375 0.654167 0.114583 0.078704
0 0.426823 0.662500 0.105729 0.078704
1 0.201042 0.741667 0.117708 0.090741
0 0.196354 0.838426 0.111458 0.086111
0 0.421354 0.832407 0.111458 0.092593
0 0.082031 0.833333 0.107813 0.081481
0 0.304948 0.928704 0.114062 0.090741
0 0.190885 0.929167 0.114062 0.099074
0 0.338021 0.313889 0.098958 0.092593
0 0.195573 0.480093 0.115104 0.117593
