1 0.342448 0.081019 0.090104 0.075000
0 0.634635 0.095370 0.102604 0.072222
0 0.437500 0.092593 0.100000 0.087037
1 0.532292 0.112500 0.096875 0.063889
0 0.336458 0.153704 0.103125 0.055556
0 0.634635 0.170833 0.101562 0.071296
1 0.535156 0.179167 0.097396 0.076852
1 0.134375 0.207870 0.105208 0.063889
1 0.637500 0.247222 0.104167 0.072222
1 0.434896 0.243056 0.093750 0.073148
0 0.535417 0.255093 0.098958 0.069444
1 0.332813 0.293056 0.092708 0.067593
1 0.636198 0.317593 0.102604 0.075926
1 0.434635 0.314352 0.098437 0.073148
0 0.534375 0.325926 0.098958 0.074074
1 0.636979 0.391667 0.101042 0.074074
1 0.532813 0.400926 0.091667 0.051852
0 0.437760 0.388889 0.099479 0.081481
0 0.639062 0.464815 0.103125 0.057407
0 0.538802 0.473611 0.096354 0.069444
0 0.330990 0.522685 0.103646 0.076852
0 0.643750 0.556481 0.103125 0.057407
1 0.540365 0.550463 0.099479 0.076852
0 0.647396 0.638889 0.103125 0.059259
1 0.540365 0.632407 0.099479 0.075926
0 0.098437 0.677315 0.118750 0.076852
1 0.211458 0.675926 0.111458 0.079630
1 0.319531 0.687037 0.101562 0.074074
1 0.534375 0.715741 0.101042 0.077778
0 0.641667 0.720370 0.103125 0.061111
0 0.549740 0.812037 0.113021 0.085185
0 0.438281 0.793519 0.110937 0.079630
1 0.661719 0.798611 0.108854 0.076852
1 0.328646 0.798611 0.110417 0.104630
0 0.196354 0.867130 0.111458 0.073148
0 0.428646 0.896759 0.111458 0.097222
0 0.659635 0.904167 0.108854 0.091667
0 0.302083 0.924074 0.111458 0.101852
1 0.146354 0.066667 0.100000 0.068519
0 0.546615 0.892130 0.111979 0.099074
0 0.138542 0.141667 0.103125 0.055556
0 0.236458 0.149074 0.103125 0.055556
0 0.438281 0.167593 0.095312 0.077778
1 0.338281 0.222222 0.096354 0.074074
1 0.236458 0.213889 0.103125 0.070370
0 0.131250 0.284722 0.103125 0.054630
0 0.232031 0.287963 0.103646 0.068519
0 0.128646 0.358796 0.103125 0.056481
0 0.339583 0.371296 0.098958 0.066667
0 0.122396 0.434722 0.103125 0.056481
1 0.225781 0.436574 0.099479 0.075000
0 0.332292 0.443519 0.102083 0.075926
0 0.436458 0.464815 0.103125 0.088889
0 0.117188 0.514352 0.103125 0.058333
1 0.432552 0.546296 0.100521 0.088889
0 0.103385 0.595370 0.104688 0.072222
0 0.429688 0.628704 0.101042 0.068519
0 0.425781 0.708333 0.104688 0.081481
0 0.079427 0.862963 0.114062 0.090741
0 0.092188 0.769907 0.121875 0.087963
0 0.250000 0.073148 0.103125 0.068519
0 0.232813 0.368519 0.103125 0.055556
0 0.223698 0.516667 0.099479 0.070370
0 0.321354 0.603241 0.107292 0.065741
0 0.211458 0.592593 0.100000 0.077778
0 0.217708 0.767130 0.121875 0.076852
