1 0.870833 0.098148 0.101042 0.075926
0 0.388281 0.112500 0.095312 0.084259
1 0.586198 0.121759 0.100521 0.082407
1 0.489063 0.125000 0.096875 0.090741
0 0.772135 0.174537 0.091146 0.075000
0 0.678906 0.192130 0.097396 0.076852
1 0.876302 0.171296 0.116146 0.072222
0 0.576823 0.195833 0.100521 0.054630
0 0.481250 0.199074 0.092708 0.079630
0 0.782031 0.240741 0.097396 0.074074
0 0.879948 0.243981 0.099479 0.080556
0 0.685156 0.257870 0.097396 0.067593
1 0.587240 0.277315 0.096354 0.073148
1 0.385417 0.277315 0.098958 0.076852
0 0.485938 0.274074 0.097917 0.075926
0 0.783333 0.319907 0.094792 0.076852
0 0.885417 0.327778 0.109375 0.075926
0 0.584635 0.340741 0.100521 0.055556
1 0.484375 0.349074 0.102083 0.072222
0 0.376823 0.409722 0.100521 0.056481
0 0.688802 0.399537 0.100521 0.056481
0 0.580990 0.417593 0.100521 0.055556
0 0.892448 0.406944 0.122396 0.069444
0 0.477344 0.424074 0.098437 0.074074
0 0.789844 0.481481 0.098437 0.075926
0 0.691927 0.473148 0.100521 0.057407
1 0.897396 0.485648 0.113542 0.069444
1 0.580469 0.500000 0.102604 0.081481
0 0.477083 0.503241 0.102083 0.071296
0 0.791406 0.559259 0.109896 0.075926
1 0.686198 0.567130 0.099479 0.089815
0 0.585677 0.577315 0.100521 0.058333
1 0.478385 0.579167 0.105729 0.091667
1 0.692708 0.643519 0.103125 0.081481
0 0.798438 0.643519 0.108333 0.075926
0 0.587760 0.658333 0.100521 0.059259
0 0.905990 0.654167 0.108854 0.076852
0 0.474479 0.661111 0.104167 0.079630
0 0.589844 0.743056 0.100521 0.062037
0 0.476823 0.745833 0.104688 0.087963
0 0.803385 0.747222 0.109896 0.081481
0 0.693490 0.817593 0.108854 0.087037
0 0.472135 0.834722 0.103646 0.087963
0 0.800260 0.832870 0.103646 0.087963
0 0.692969 0.906481 0.113021 0.088889
1 0.776563 0.103241 0.092708 0.073148
1 0.682813 0.112963 0.102083 0.083333
0 0.381510 0.196296 0.102604 0.074074
0 0.685677 0.331019 0.098437 0.067593
0 0.384115 0.341204 0.100521 0.056481
1 0.788281 0.391204 0.099479 0.073148
0 0.368229 0.490741 0.104167 0.070370
1 0.371615 0.566204 0.106771 0.078704
0 0.902083 0.567593 0.109375 0.077778
1 0.360417 0.653704 0.112500 0.094444
0 0.366146 0.741204 0.112500 0.084259
0 0.360417 0.824074 0.115625 0.088889
0 0.591406 0.836111 0.100521 0.077778
1 0.352344 0.923611 0.119271 0.097222
1 0.470573 0.926389 0.119271 0.097222
1 0.583073 0.922685 0.119271 0.097222
1 0.694531 0.723611 0.108854 0.097222
1 0.809115 0.929630 0.119271 0.098148
1 0.923958 0.942593 0.114583 0.098148
1 0.919271 0.856481 0.107292 0.087037
0 0.910417 0.760648 0.110417 0.087963
