1 0.879948 0.119444 0.110937 0.075926
0 0.578906 0.128241 0.103646 0.056481
1 0.775260 0.126389 0.103646 0.076852
0 0.480208 0.127315 0.101042 0.075000
1 0.680729 0.121296 0.100000 0.105556
0 0.874740 0.187963 0.103646 0.053704
0 0.777865 0.195833 0.103646 0.054630
0 0.582552 0.198148 0.103646 0.055556
0 0.484635 0.206019 0.103646 0.054630
0 0.680469 0.209722 0.103646 0.054630
0 0.879427 0.257870 0.103646 0.054630
0 0.781510 0.267593 0.103646 0.055556
1 0.585156 0.272685 0.100521 0.080556
0 0.484115 0.279167 0.103646 0.054630
0 0.682552 0.281481 0.103646 0.053704
0 0.885156 0.329630 0.103646 0.053704
0 0.785677 0.339815 0.103646 0.055556
0 0.577344 0.344444 0.103646 0.055556
1 0.476823 0.352778 0.103646 0.055556
0 0.684635 0.355093 0.103646 0.056481
0 0.789323 0.414352 0.103646 0.056481
0 0.577344 0.418519 0.103646 0.055556
0 0.475000 0.422222 0.103125 0.066667
0 0.686719 0.431019 0.103646 0.056481
1 0.896615 0.485185 0.100521 0.079630
0 0.793490 0.489815 0.103646 0.057407
1 0.585677 0.496296 0.103646 0.057407
1 0.482031 0.499074 0.103646 0.074074
0 0.690365 0.508333 0.103646 0.057407
0 0.900781 0.562037 0.103646 0.057407
0 0.797135 0.568056 0.103646 0.058333
0 0.587240 0.576389 0.103646 0.058333
1 0.483333 0.578241 0.106250 0.076852
0 0.692448 0.587500 0.103646 0.058333
0 0.801823 0.650000 0.103646 0.059259
0 0.588281 0.656944 0.103646 0.060185
1 0.480469 0.662963 0.101562 0.074074
0 0.908594 0.668056 0.103646 0.058333
1 0.695573 0.660648 0.103646 0.080556
0 0.585156 0.742593 0.103646 0.061111
0 0.476302 0.753241 0.103646 0.062037
0 0.695052 0.754630 0.103646 0.061111
0 0.804427 0.831944 0.115104 0.086111
0 0.590365 0.828704 0.103646 0.062963
0 0.919010 0.835648 0.103646 0.062037
0 0.479948 0.841204 0.103646 0.063889
0 0.701823 0.842593 0.103646 0.064815
1 0.364844 0.918056 0.116146 0.099074
0 0.592448 0.920370 0.103646 0.066667
0 0.479427 0.927315 0.109896 0.080556
0 0.889844 0.406944 0.103646 0.054630
1 0.367188 0.825000 0.112500 0.085185
1 0.365104 0.736111 0.107292 0.087037
1 0.375521 0.571296 0.106250 0.083333
1 0.371354 0.649074 0.106250 0.075926
1 0.376042 0.490741 0.104167 0.079630
1 0.378385 0.417593 0.097396 0.074074
1 0.379167 0.347685 0.094792 0.067593
1 0.386979 0.276852 0.092708 0.079630
1 0.389583 0.198148 0.102083 0.077778
1 0.378385 0.123148 0.099479 0.087037
1 0.699479 0.927778 0.112500 0.090741
1 0.801823 0.737500 0.103646 0.076852
0 0.811198 0.921759 0.115104 0.086111
0 0.933594 0.930093 0.115104 0.086111
0 0.913281 0.750000 0.104688 0.088889
