1 0.774740 0.109722 0.097396 0.087963
1 0.875781 0.108796 0.109896 0.078704
0 0.382292 0.122685 0.101042 0.056481
0 0.672917 0.130556 0.101042 0.055556
1 0.576302 0.126389 0.100521 0.065741
1 0.480469 0.125000 0.098437 0.077778
1 0.879167 0.180093 0.106250 0.075000
0 0.778385 0.185185 0.090104 0.081481
0 0.576042 0.201852 0.101042 0.055556
1 0.679688 0.200463 0.101042 0.054630
0 0.478125 0.206019 0.101042 0.054630
0 0.880729 0.251852 0.101042 0.055556
0 0.783333 0.259722 0.093750 0.073148
0 0.684375 0.271759 0.101042 0.054630
0 0.485417 0.279167 0.101042 0.054630
1 0.586198 0.274074 0.098437 0.068519
0 0.785677 0.331481 0.093229 0.068519
0 0.886719 0.332407 0.100521 0.074074
0 0.584375 0.346759 0.101042 0.056481
0 0.685937 0.345833 0.101042 0.056481
1 0.484635 0.350463 0.098437 0.067593
1 0.790625 0.410185 0.096875 0.075926
0 0.580729 0.421296 0.101042 0.055556
0 0.689583 0.420833 0.101042 0.056481
0 0.891927 0.412963 0.101562 0.074074
0 0.478646 0.428704 0.101042 0.055556
0 0.795312 0.476852 0.101042 0.057407
0 0.692187 0.497222 0.101042 0.057407
1 0.900260 0.489815 0.104688 0.074074
1 0.580469 0.498148 0.100521 0.074074
0 0.476042 0.506019 0.101042 0.056481
0 0.797135 0.570370 0.105729 0.087037
0 0.903125 0.568981 0.116667 0.084259
1 0.693490 0.579167 0.101562 0.080556
0 0.582292 0.579167 0.101042 0.058333
1 0.476562 0.578241 0.101042 0.075000
1 0.361719 0.650463 0.107813 0.065741
0 0.580729 0.660648 0.101042 0.060185
1 0.690625 0.660648 0.097917 0.086111
0 0.471875 0.658333 0.105208 0.079630
0 0.801302 0.665741 0.107813 0.094444
0 0.582812 0.745370 0.101042 0.061111
0 0.693750 0.743056 0.101042 0.062037
0 0.474479 0.753241 0.101042 0.062037
0 0.803906 0.756944 0.110937 0.084259
0 0.700521 0.829167 0.101042 0.063889
0 0.585417 0.831944 0.101042 0.063889
0 0.475000 0.840741 0.101042 0.064815
0 0.808333 0.843056 0.113542 0.091667
0 0.380729 0.193056 0.101042 0.054630
1 0.384115 0.265741 0.099479 0.070370
0 0.383854 0.340741 0.101042 0.055556
0 0.377604 0.416204 0.101042 0.056481
0 0.371875 0.492593 0.101042 0.057407
1 0.364583 0.565741 0.116667 0.072222
0 0.367708 0.739815 0.101042 0.061111
0 0.366667 0.824537 0.101042 0.063889
1 0.354948 0.921759 0.116146 0.086111
1 0.469531 0.923611 0.116146 0.086111
1 0.584635 0.921759 0.116146 0.086111
1 0.695052 0.917130 0.116146 0.086111
1 0.807031 0.937500 0.116146 0.086111
1 0.923438 0.942130 0.112500 0.080556
1 0.917708 0.850926 0.108333 0.081481
0 0.908854 0.672222 0.109375 0.079630
0 0.915625 0.762037 0.104167 0.083333
