0 0.631771 0.128704 0.100000 0.066667
0 0.531250 0.139352 0.104167 0.069444
0 0.134375 0.173148 0.104167 0.072222
1 0.630729 0.203704 0.097917 0.075926
1 0.335156 0.196759 0.096354 0.075000
0 0.530469 0.211111 0.101562 0.070370
1 0.633073 0.279630 0.104688 0.072222
1 0.430208 0.277778 0.097917 0.077778
0 0.526823 0.283796 0.101562 0.073148
1 0.526823 0.356944 0.094271 0.060185
1 0.630729 0.352778 0.103125 0.079630
0 0.528646 0.432870 0.104167 0.056481
0 0.634115 0.432407 0.103646 0.072222
1 0.218750 0.471296 0.095833 0.061111
1 0.112240 0.481944 0.101562 0.093519
1 0.523698 0.503241 0.098437 0.069444
0 0.631250 0.511574 0.101042 0.076852
1 0.104948 0.568981 0.107813 0.086111
1 0.527865 0.586111 0.099479 0.077778
0 0.636979 0.587500 0.102083 0.075000
1 0.422396 0.667593 0.103125 0.079630
0 0.530729 0.670833 0.104167 0.060185
0 0.094792 0.656944 0.121875 0.078704
1 0.637760 0.671296 0.104688 0.079630
0 0.201302 0.743981 0.109896 0.075000
0 0.534375 0.755093 0.104167 0.062037
0 0.642448 0.758796 0.103646 0.084259
0 0.529687 0.843519 0.104167 0.064815
0 0.415104 0.832407 0.103125 0.077778
0 0.640104 0.839352 0.112500 0.080556
1 0.527344 0.935185 0.111979 0.081481
1 0.641146 0.931944 0.110417 0.087963
0 0.413802 0.927315 0.105729 0.086111
0 0.234115 0.107407 0.094271 0.070370
0 0.138281 0.098148 0.094271 0.081481
0 0.337240 0.121296 0.097396 0.081481
1 0.437240 0.125926 0.092188 0.083333
0 0.232813 0.181944 0.097917 0.071296
1 0.433073 0.202778 0.092188 0.074074
1 0.128125 0.246296 0.101042 0.070370
1 0.231771 0.251389 0.102083 0.067593
0 0.332552 0.270370 0.095312 0.072222
0 0.227865 0.324537 0.102604 0.065741
1 0.124479 0.317130 0.104167 0.075000
0 0.328125 0.341667 0.103125 0.079630
0 0.427604 0.355556 0.100000 0.072222
1 0.222135 0.399074 0.103646 0.068519
0 0.326042 0.420370 0.098958 0.075926
0 0.428125 0.426389 0.100000 0.082407
0 0.423177 0.500926 0.100521 0.079630
0 0.321875 0.494907 0.097917 0.080556
0 0.213802 0.552315 0.104688 0.078704
1 0.426042 0.584259 0.102083 0.075926
0 0.320052 0.575926 0.102604 0.077778
0 0.208333 0.637037 0.109375 0.074074
0 0.315885 0.658333 0.105729 0.081481
0 0.311719 0.746296 0.107813 0.085185
1 0.088281 0.738889 0.113021 0.081481
0 0.421094 0.746296 0.104688 0.079630
0 0.081510 0.825463 0.107813 0.084259
0 0.306510 0.832870 0.108854 0.084259
0 0.301823 0.932407 0.110937 0.094444
1 0.075521 0.917130 0.116667 0.084259
0 0.115104 0.395370 0.101042 0.075926
0 0.191927 0.834722 0.109896 0.082407
0 0.190104 0.930556 0.104167 0.094444
