1 0.879687 0.116667 0.103125 0.098148
0 0.489844 0.137037 0.103646 0.061111
1 0.779167 0.181019 0.105208 0.069444
1 0.675260 0.179630 0.094271 0.061111
0 0.572396 0.193519 0.101042 0.066667
0 0.470052 0.207870 0.103646 0.052778
0 0.879948 0.199537 0.103646 0.054630
1 0.784375 0.254630 0.103125 0.070370
1 0.687240 0.252778 0.105729 0.074074
0 0.586198 0.268519 0.102604 0.079630
0 0.882552 0.265741 0.103646 0.055556
0 0.482552 0.281944 0.103646 0.054630
0 0.790365 0.325000 0.101562 0.074074
1 0.687760 0.323148 0.103646 0.055556
0 0.589063 0.342130 0.108333 0.078704
0 0.893229 0.336574 0.105208 0.078704
1 0.792708 0.400463 0.102083 0.080556
1 0.688802 0.389815 0.102604 0.070370
0 0.584896 0.420370 0.105208 0.087037
0 0.896615 0.416667 0.105729 0.074074
0 0.479687 0.426389 0.101042 0.075000
1 0.796354 0.476852 0.106250 0.075926
1 0.682292 0.472685 0.108333 0.084259
0 0.575260 0.496759 0.106771 0.080556
0 0.902344 0.493056 0.105729 0.082407
1 0.471094 0.508796 0.103646 0.056481
0 0.799219 0.552778 0.100521 0.070370
1 0.695052 0.553704 0.105729 0.081481
0 0.590365 0.573148 0.105729 0.081481
0 0.907031 0.568981 0.108854 0.076852
1 0.484115 0.586574 0.103646 0.058333
0 0.805208 0.631944 0.107292 0.075000
0 0.586458 0.660185 0.101042 0.092593
1 0.478906 0.672222 0.107813 0.068519
1 0.913021 0.654167 0.111458 0.089815
1 0.695312 0.712500 0.115625 0.080556
1 0.808854 0.715278 0.111458 0.073148
0 0.582292 0.739815 0.111458 0.079630
0 0.468490 0.752315 0.103646 0.062037
1 0.918750 0.740741 0.113542 0.094444
1 0.817448 0.802315 0.103646 0.062037
0 0.583854 0.827778 0.114583 0.087037
0 0.926042 0.830093 0.111458 0.089815
0 0.572656 0.923148 0.111979 0.096296
0 0.593490 0.112037 0.103646 0.061111
0 0.392969 0.133796 0.103646 0.056481
0 0.371615 0.206944 0.103646 0.054630
0 0.383073 0.282870 0.103646 0.054630
0 0.454948 0.355093 0.103646 0.056481
0 0.354427 0.355093 0.103646 0.054630
0 0.376823 0.429630 0.103646 0.055556
0 0.366927 0.506481 0.103646 0.055556
0 0.378906 0.586574 0.103646 0.058333
1 0.697396 0.630556 0.110417 0.077778
0 0.361979 0.662500 0.107292 0.075000
0 0.354167 0.751852 0.110417 0.092593
0 0.467448 0.837037 0.108854 0.081481
0 0.357292 0.841204 0.109375 0.091667
0 0.344010 0.933796 0.111979 0.087963
0 0.460677 0.937500 0.107813 0.091667
1 0.694271 0.108333 0.093750 0.072222
1 0.781771 0.102778 0.093750 0.072222
1 0.703125 0.799537 0.115625 0.080556
1 0.704167 0.890278 0.115625 0.080556
0 0.817448 0.893981 0.113021 0.086111
0 0.933854 0.920833 0.111458 0.089815
