1 0.772917 0.117130 0.098958 0.075000
1 0.364063 0.118519 0.094792 0.085185
0 0.671354 0.126389 0.102083 0.071296
1 0.252604 0.149074 0.095833 0.074074
0 0.777344 0.191667 0.104688 0.055556
1 0.362240 0.187500 0.097396 0.078704
0 0.236719 0.217593 0.100521 0.072222
1 0.134115 0.219907 0.102604 0.067593
0 0.780469 0.261574 0.104688 0.056481
0 0.680990 0.269444 0.104688 0.055556
0 0.883594 0.273611 0.105729 0.069444
1 0.233073 0.293981 0.100521 0.067593
0 0.127083 0.296759 0.109375 0.069444
0 0.684115 0.343981 0.104688 0.056481
0 0.886979 0.350000 0.103125 0.068519
0 0.687240 0.418519 0.104688 0.057407
1 0.790365 0.418056 0.103646 0.078704
0 0.895052 0.421759 0.103646 0.071296
0 0.690365 0.495370 0.104688 0.057407
0 0.795573 0.500926 0.103646 0.079630
1 0.898177 0.501852 0.100521 0.081481
1 0.213021 0.525463 0.115625 0.089815
1 0.636979 0.586574 0.113542 0.102778
0 0.792708 0.581944 0.113542 0.078704
1 0.688021 0.658796 0.109375 0.089815
0 0.800781 0.666667 0.108854 0.085185
0 0.692969 0.743981 0.114062 0.084259
0 0.804688 0.756944 0.109375 0.080556
0 0.690625 0.829167 0.113542 0.080556
0 0.159896 0.076852 0.109375 0.083333
0 0.148958 0.146296 0.109375 0.068519
1 0.679427 0.198148 0.104688 0.057407
0 0.333073 0.259259 0.104688 0.055556
0 0.340885 0.332407 0.104688 0.057407
0 0.787240 0.343056 0.099479 0.075000
0 0.229427 0.368981 0.104688 0.056481
0 0.121615 0.373611 0.108854 0.067593
1 0.337240 0.403241 0.108854 0.076852
0 0.222656 0.443519 0.104688 0.057407
0 0.115365 0.447222 0.109896 0.070370
0 0.329688 0.482407 0.109375 0.079630
0 0.322135 0.560648 0.111979 0.078704
0 0.208854 0.606019 0.113542 0.073148
1 0.100260 0.605093 0.106771 0.080556
0 0.319792 0.662500 0.109375 0.087963
0 0.313802 0.755093 0.111979 0.076852
0 0.083333 0.818056 0.121875 0.078704
0 0.324740 0.835648 0.110937 0.086111
1 0.075000 0.923611 0.114583 0.084259
1 0.188281 0.926852 0.116146 0.088889
1 0.104688 0.525926 0.105208 0.081481
0 0.202083 0.691204 0.112500 0.082407
0 0.090365 0.697685 0.107813 0.095370
1 0.878646 0.203241 0.100000 0.069444
1 0.872917 0.122222 0.096875 0.098148
1 0.917448 0.838889 0.116146 0.088889
1 0.917969 0.930556 0.116146 0.088889
1 0.805990 0.934722 0.114062 0.084259
1 0.691146 0.922685 0.117708 0.099074
1 0.303646 0.928704 0.116667 0.088889
0 0.267448 0.074074 0.103646 0.077778
0 0.196354 0.834722 0.121875 0.082407
0 0.900781 0.585185 0.105729 0.079630
0 0.806250 0.843056 0.109375 0.080556
0 0.907292 0.667130 0.109375 0.080556
0 0.912500 0.753241 0.109375 0.080556
