0 0.241927 0.076852 0.094271 0.061111
1 0.333594 0.095833 0.090104 0.091667
1 0.624479 0.134722 0.094792 0.082407
1 0.525781 0.126389 0.095312 0.108333
1 0.429167 0.175000 0.100000 0.072222
1 0.334115 0.167593 0.089063 0.079630
0 0.534375 0.212037 0.108333 0.090741
1 0.628125 0.210185 0.095833 0.074074
0 0.529948 0.284722 0.102604 0.054630
0 0.629948 0.285185 0.102604 0.053704
0 0.128125 0.295370 0.108333 0.075926
0 0.529427 0.357407 0.102604 0.055556
0 0.630469 0.359259 0.102604 0.055556
1 0.530208 0.431019 0.100000 0.073148
0 0.632552 0.434259 0.102604 0.057407
0 0.326042 0.469444 0.102083 0.072222
0 0.528385 0.509722 0.102604 0.056481
1 0.634115 0.513889 0.099479 0.087037
1 0.423958 0.577315 0.102083 0.091667
0 0.634115 0.591204 0.102604 0.058333
0 0.528385 0.589352 0.102604 0.058333
0 0.533073 0.672222 0.102604 0.061111
0 0.640104 0.669444 0.105208 0.079630
0 0.202604 0.702778 0.114583 0.085185
0 0.532031 0.753704 0.101562 0.085185
0 0.640365 0.754167 0.102604 0.082407
1 0.421615 0.836574 0.104688 0.091667
0 0.531250 0.847222 0.104167 0.079630
1 0.416146 0.933333 0.107292 0.094444
0 0.149740 0.074074 0.108854 0.075926
0 0.428125 0.091667 0.094792 0.066667
1 0.240885 0.146759 0.094271 0.073148
0 0.143490 0.147685 0.106771 0.075000
0 0.236979 0.221296 0.100000 0.068519
1 0.134896 0.220833 0.105208 0.075000
0 0.432812 0.263426 0.098958 0.080556
0 0.334635 0.240741 0.098437 0.072222
1 0.232031 0.295833 0.105729 0.075000
0 0.332292 0.313426 0.098958 0.071296
0 0.227083 0.368981 0.109375 0.065741
0 0.431510 0.341204 0.097396 0.076852
0 0.119271 0.369907 0.112500 0.078704
1 0.328646 0.389815 0.102083 0.075926
0 0.428385 0.421296 0.099479 0.081481
0 0.223177 0.446759 0.101562 0.069444
0 0.112760 0.447222 0.115104 0.074074
0 0.426823 0.496296 0.098437 0.085185
1 0.213802 0.531019 0.113021 0.086111
1 0.107292 0.527778 0.111458 0.079630
0 0.319792 0.552315 0.102083 0.086111
1 0.100000 0.609722 0.109375 0.084259
0 0.426302 0.661574 0.102604 0.078704
0 0.317969 0.664352 0.102604 0.060185
0 0.422656 0.744907 0.102604 0.076852
0 0.313802 0.750926 0.102604 0.061111
0 0.084635 0.817593 0.121354 0.087037
0 0.192969 0.830556 0.117188 0.083333
0 0.312760 0.839352 0.102604 0.063889
0 0.208073 0.608796 0.114062 0.080556
0 0.089323 0.702778 0.105729 0.087037
1 0.077344 0.915741 0.124479 0.100000
1 0.186198 0.926389 0.115104 0.106481
1 0.302083 0.927778 0.112500 0.096296
1 0.528646 0.934259 0.108333 0.083333
1 0.642188 0.936111 0.111458 0.087037
1 0.639844 0.843519 0.108854 0.092593
