0 0.163021 0.073611 0.101042 0.069444
1 0.771354 0.114815 0.096875 0.074074
0 0.673177 0.121296 0.097396 0.074074
1 0.872396 0.122685 0.097917 0.097222
1 0.252865 0.150000 0.101562 0.079630
0 0.779427 0.191667 0.100521 0.055556
1 0.680990 0.198611 0.100521 0.056481
0 0.238802 0.220833 0.102604 0.067593
1 0.880208 0.203704 0.102083 0.068519
1 0.130990 0.218519 0.102604 0.075926
0 0.782552 0.261574 0.100521 0.056481
0 0.683073 0.269444 0.100521 0.055556
0 0.883333 0.278241 0.098958 0.080556
1 0.233073 0.292130 0.102604 0.071296
0 0.346094 0.329630 0.105729 0.083333
0 0.785937 0.343056 0.100000 0.071296
0 0.685677 0.343981 0.100521 0.056481
0 0.888281 0.352315 0.100521 0.056481
0 0.689323 0.418981 0.100521 0.056481
1 0.791927 0.424537 0.100521 0.076852
0 0.895312 0.425000 0.101042 0.087037
1 0.215885 0.525000 0.111979 0.077778
0 0.692448 0.495370 0.100521 0.057407
0 0.797135 0.502778 0.100521 0.057407
1 0.898698 0.501389 0.100521 0.069444
0 0.222656 0.443056 0.104688 0.067593
1 0.636979 0.586111 0.113542 0.105556
0 0.800781 0.582407 0.100521 0.059259
1 0.688281 0.660185 0.109896 0.088889
0 0.799219 0.665741 0.111979 0.087037
0 0.202083 0.698148 0.110417 0.085185
0 0.690104 0.750926 0.119792 0.083333
0 0.804167 0.756019 0.111458 0.082407
0 0.688021 0.833796 0.123958 0.076852
0 0.144010 0.146759 0.097396 0.069444
1 0.363802 0.188889 0.100521 0.103704
0 0.339844 0.255093 0.105729 0.076852
0 0.128125 0.299537 0.108333 0.063889
0 0.228385 0.366667 0.104688 0.072222
0 0.121875 0.368519 0.106250 0.074074
1 0.332552 0.406019 0.100521 0.056481
1 0.513281 0.443056 0.099479 0.076852
0 0.111458 0.447222 0.107292 0.081481
0 0.328385 0.481944 0.100521 0.058333
1 0.107552 0.525000 0.107813 0.075926
0 0.323698 0.560648 0.100521 0.058333
0 0.209375 0.604630 0.119792 0.077778
1 0.099219 0.611111 0.108854 0.075926
0 0.319010 0.665741 0.100521 0.061111
0 0.317448 0.751389 0.100521 0.062037
0 0.083073 0.815278 0.118229 0.086111
0 0.326823 0.834259 0.121354 0.087037
1 0.075000 0.919444 0.114583 0.083333
0 0.087240 0.696759 0.105729 0.080556
1 0.186198 0.930093 0.120313 0.080556
1 0.917969 0.840278 0.114062 0.082407
1 0.914323 0.932407 0.114062 0.087037
1 0.806771 0.934722 0.113542 0.095370
1 0.690625 0.925463 0.114583 0.091667
1 0.305729 0.928241 0.115625 0.095370
0 0.198177 0.835648 0.118229 0.086111
0 0.269271 0.073148 0.101042 0.083333
0 0.808594 0.845833 0.118229 0.087963
0 0.913021 0.752315 0.109375 0.087963
0 0.905990 0.665278 0.111979 0.082407
0 0.902865 0.577315 0.105729 0.084259
