1 0.389062 0.122685 0.096875 0.080556
1 0.875781 0.117593 0.105729 0.064815
1 0.775260 0.119444 0.094271 0.074074
0 0.484896 0.131019 0.098958 0.054630
1 0.583333 0.119444 0.098958 0.085185
1 0.683333 0.127778 0.094792 0.079630
0 0.877083 0.187963 0.098958 0.053704
0 0.780729 0.195833 0.098958 0.054630
0 0.583333 0.199537 0.098958 0.054630
0 0.683333 0.211111 0.098958 0.055556
0 0.882292 0.258333 0.098958 0.055556
1 0.385677 0.262963 0.098437 0.074074
0 0.783854 0.267130 0.098958 0.056481
0 0.484375 0.276389 0.098958 0.054630
1 0.586719 0.277778 0.098437 0.068519
0 0.684115 0.268056 0.100521 0.073148
1 0.376042 0.342130 0.098958 0.065741
0 0.887500 0.330093 0.098958 0.054630
0 0.783333 0.337500 0.113542 0.075000
0 0.579688 0.344907 0.098958 0.054630
1 0.480990 0.345370 0.095312 0.070370
0 0.686198 0.347222 0.099479 0.070370
1 0.376042 0.408333 0.098958 0.059259
0 0.789323 0.419444 0.102604 0.075926
0 0.579688 0.418981 0.098958 0.056481
0 0.477083 0.420370 0.100000 0.075926
0 0.688281 0.421759 0.098437 0.067593
1 0.900000 0.487963 0.108333 0.079630
0 0.793750 0.497685 0.109375 0.078704
1 0.588021 0.496296 0.098958 0.057407
1 0.484375 0.498611 0.098958 0.076852
0 0.693490 0.504167 0.095312 0.078704
1 0.373958 0.564352 0.111458 0.073148
0 0.905208 0.573148 0.112500 0.087037
0 0.796615 0.574537 0.107813 0.076852
0 0.589583 0.576389 0.098958 0.058333
1 0.483594 0.577778 0.100521 0.079630
0 0.694792 0.587037 0.098958 0.059259
1 0.372917 0.651852 0.109375 0.083333
0 0.804167 0.650000 0.098958 0.059259
0 0.802344 0.650926 0.108854 0.085185
0 0.590625 0.656944 0.098958 0.060185
0 0.908594 0.664352 0.111979 0.084259
1 0.695573 0.662500 0.103646 0.076852
1 0.480990 0.660185 0.105729 0.079630
0 0.587500 0.742593 0.098958 0.061111
0 0.478646 0.754167 0.098958 0.062037
0 0.697396 0.755556 0.098958 0.061111
0 0.804688 0.825463 0.111458 0.080556
0 0.592708 0.829167 0.098958 0.063889
0 0.482292 0.840741 0.098958 0.064815
0 0.916927 0.834722 0.114062 0.091667
0 0.704167 0.843056 0.098958 0.063889
0 0.594792 0.920370 0.098958 0.066667
1 0.364323 0.923148 0.113021 0.101852
0 0.480729 0.922222 0.102083 0.087037
0 0.388021 0.190278 0.098958 0.054630
0 0.485417 0.203241 0.098958 0.054630
0 0.892188 0.406944 0.098958 0.054630
1 0.379167 0.481481 0.098958 0.057407
0 0.370833 0.738889 0.098958 0.061111
1 0.362240 0.827778 0.113021 0.101852
1 0.705469 0.936111 0.113021 0.101852
0 0.811719 0.922222 0.108854 0.103704
0 0.921094 0.925926 0.108854 0.103704
1 0.803125 0.738426 0.111458 0.080556
0 0.911198 0.750463 0.111979 0.084259
