1 0.875521 0.100463 0.104167 0.087963
0 0.389062 0.114352 0.100000 0.080556
1 0.586198 0.116204 0.094271 0.078704
1 0.485417 0.126389 0.095833 0.091667
0 0.767708 0.175000 0.100000 0.066667
0 0.672656 0.188426 0.100521 0.071296
1 0.874479 0.175926 0.104167 0.070370
0 0.576042 0.197222 0.102083 0.055556
0 0.478125 0.206481 0.102083 0.053704
0 0.782813 0.243981 0.103125 0.069444
0 0.684896 0.255556 0.098958 0.068519
1 0.585677 0.273611 0.100521 0.086111
0 0.484896 0.279167 0.102083 0.054630
0 0.783333 0.318056 0.100000 0.076852
0 0.887760 0.326389 0.104688 0.076852
0 0.583854 0.341667 0.102083 0.055556
1 0.483854 0.352315 0.102083 0.084259
0 0.373698 0.413426 0.100521 0.067593
0 0.689323 0.408333 0.099479 0.070370
0 0.891406 0.404167 0.102604 0.084259
0 0.580208 0.421759 0.102083 0.056481
0 0.478125 0.428704 0.102083 0.055556
0 0.794531 0.479167 0.100521 0.078704
0 0.690104 0.485648 0.104167 0.073148
1 0.897656 0.485185 0.102604 0.074074
1 0.578125 0.500926 0.100000 0.077778
0 0.475521 0.506481 0.102083 0.057407
0 0.798177 0.562963 0.104688 0.081481
1 0.690625 0.573148 0.105208 0.092593
0 0.903646 0.571296 0.125000 0.079630
0 0.581771 0.580556 0.102083 0.059259
1 0.475521 0.575463 0.103125 0.080556
1 0.363542 0.654167 0.102083 0.060185
0 0.580208 0.661574 0.102083 0.060185
1 0.692969 0.654630 0.107813 0.085185
0 0.471094 0.658333 0.106771 0.079630
0 0.800781 0.668981 0.108854 0.087963
0 0.585417 0.746759 0.102083 0.062037
0 0.474479 0.740741 0.106250 0.087037
0 0.799740 0.753704 0.115104 0.094444
0 0.586458 0.832870 0.102083 0.063889
0 0.473698 0.830093 0.107813 0.086111
0 0.695312 0.830556 0.108333 0.083333
0 0.809375 0.845833 0.108333 0.089815
1 0.353646 0.919444 0.119792 0.098148
1 0.679167 0.117593 0.100000 0.075926
1 0.775000 0.099537 0.094792 0.087963
0 0.379167 0.190741 0.101042 0.068519
0 0.880208 0.248148 0.104167 0.068519
1 0.384896 0.270833 0.103125 0.067593
0 0.685156 0.332870 0.099479 0.069444
0 0.383333 0.341204 0.102083 0.056481
1 0.787500 0.395833 0.102083 0.080556
0 0.366406 0.486111 0.106771 0.072222
1 0.369531 0.569907 0.108854 0.089815
0 0.369271 0.739815 0.102083 0.061111
0 0.357812 0.825463 0.117708 0.084259
1 0.469792 0.926852 0.112500 0.096296
1 0.582812 0.920370 0.112500 0.096296
1 0.917188 0.850926 0.112500 0.096296
1 0.920312 0.939815 0.112500 0.096296
1 0.809375 0.940741 0.112500 0.096296
1 0.689844 0.745370 0.107813 0.085185
0 0.694792 0.931481 0.108333 0.083333
0 0.907813 0.675463 0.109375 0.078704
0 0.912500 0.763889 0.106250 0.085185
