0 0.159375 0.075000 0.108333 0.066667
1 0.772135 0.119444 0.096354 0.072222
0 0.675260 0.124537 0.095312 0.069444
1 0.251823 0.150926 0.100521 0.070370
0 0.779948 0.190741 0.099479 0.072222
1 0.680990 0.196759 0.101562 0.056481
1 0.365104 0.189352 0.106250 0.108333
0 0.236979 0.217130 0.098958 0.067593
0 0.784375 0.265741 0.096875 0.072222
0 0.680729 0.267130 0.105208 0.069444
0 0.882552 0.277315 0.105729 0.071296
1 0.232813 0.293981 0.104167 0.075000
0 0.345313 0.330093 0.109375 0.084259
0 0.787240 0.346296 0.099479 0.075926
0 0.682031 0.343519 0.107813 0.070370
0 0.890104 0.350926 0.102083 0.077778
0 0.227865 0.369907 0.103646 0.071296
0 0.684635 0.415278 0.109896 0.082407
1 0.792969 0.423148 0.098437 0.075926
0 0.896094 0.427315 0.101562 0.078704
0 0.688802 0.493981 0.106771 0.075000
0 0.794531 0.503241 0.105729 0.078704
1 0.901302 0.507870 0.102604 0.080556
1 0.216146 0.522685 0.109375 0.086111
1 0.639583 0.588426 0.108333 0.106481
0 0.792708 0.575463 0.109375 0.076852
1 0.688802 0.656944 0.109896 0.087963
0 0.798177 0.665741 0.108854 0.090741
0 0.204427 0.696759 0.110937 0.082407
0 0.691667 0.741204 0.116667 0.076852
0 0.804167 0.759259 0.106250 0.081481
0 0.689844 0.830556 0.120313 0.096296
0 0.145052 0.147222 0.105729 0.074074
1 0.135937 0.219444 0.112500 0.074074
0 0.338802 0.250926 0.101562 0.068519
0 0.128906 0.296759 0.104688 0.071296
0 0.121615 0.372222 0.101562 0.068519
1 0.521875 0.454630 0.098958 0.092593
1 0.335417 0.402778 0.110417 0.064815
0 0.222396 0.443056 0.109375 0.076852
0 0.114062 0.443519 0.112500 0.075926
0 0.329427 0.479167 0.107813 0.078704
1 0.106510 0.522685 0.104688 0.076852
0 0.209115 0.606481 0.108854 0.077778
1 0.098437 0.607870 0.110417 0.080556
0 0.316406 0.663426 0.113021 0.082407
0 0.313802 0.742130 0.111979 0.080556
0 0.085156 0.818519 0.125521 0.092593
0 0.327865 0.831944 0.121354 0.082407
0 0.321615 0.562500 0.111979 0.076852
0 0.089063 0.694444 0.112500 0.088889
1 0.074740 0.915278 0.122396 0.086111
1 0.187760 0.924074 0.111979 0.100000
1 0.303646 0.929630 0.117708 0.100000
1 0.691146 0.923611 0.115625 0.102778
1 0.806510 0.930556 0.109896 0.090741
1 0.919531 0.930093 0.117188 0.102778
1 0.917448 0.838426 0.108854 0.084259
1 0.879948 0.203241 0.097396 0.071296
1 0.871875 0.125000 0.097917 0.100000
0 0.270052 0.075926 0.105729 0.085185
0 0.198177 0.827315 0.119271 0.080556
0 0.806250 0.846296 0.106250 0.081481
0 0.907292 0.583333 0.106250 0.081481
0 0.908333 0.666667 0.106250 0.081481
0 0.914062 0.754630 0.106250 0.081481
