0 0.392188 0.149537 0.101042 0.073148
0 0.681771 0.159722 0.105208 0.056481
0 0.390885 0.075463 0.104688 0.078704
1 0.588802 0.171759 0.090104 0.076852
1 0.479687 0.229167 0.095833 0.082407
0 0.680729 0.227315 0.105208 0.054630
1 0.577083 0.239352 0.109375 0.069444
1 0.781771 0.262500 0.105208 0.056481
0 0.680729 0.300000 0.105208 0.053704
0 0.481250 0.302778 0.105208 0.055556
0 0.581250 0.319444 0.105208 0.055556
0 0.888021 0.351389 0.105208 0.054630
0 0.782813 0.356944 0.105208 0.065741
0 0.477604 0.376852 0.105208 0.055556
0 0.679688 0.375000 0.105208 0.053704
0 0.579167 0.392593 0.105208 0.055556
0 0.895833 0.424537 0.105208 0.056481
1 0.792448 0.432407 0.107813 0.077778
1 0.691146 0.460185 0.103125 0.075926
1 0.579948 0.458333 0.108854 0.077778
0 0.902083 0.501852 0.109375 0.074074
1 0.796094 0.516667 0.106771 0.074074
1 0.687760 0.543519 0.107813 0.087037
1 0.471354 0.523611 0.103125 0.071296
0 0.574479 0.548611 0.105208 0.058333
0 0.796875 0.588889 0.105208 0.057407
1 0.467969 0.615278 0.102604 0.071296
0 0.682813 0.620833 0.102083 0.076852
1 0.911979 0.663889 0.116667 0.088889
0 0.800260 0.669907 0.114062 0.076852
0 0.814063 0.934722 0.119792 0.093519
0 0.466667 0.693981 0.105208 0.060185
1 0.685677 0.700926 0.103646 0.074074
0 0.575000 0.710648 0.105208 0.060185
1 0.919271 0.740741 0.123958 0.077778
1 0.802604 0.754167 0.113542 0.084259
0 0.465625 0.779167 0.105208 0.062037
0 0.581250 0.796296 0.105208 0.062963
0 0.464844 0.860185 0.111979 0.083333
0 0.594271 0.881944 0.105208 0.065741
1 0.871875 0.126852 0.105208 0.057407
0 0.881250 0.197685 0.106250 0.075000
0 0.374479 0.224537 0.105208 0.054630
0 0.883854 0.279167 0.105208 0.054630
0 0.381771 0.298611 0.105208 0.054630
0 0.372917 0.372222 0.105208 0.055556
1 0.477083 0.446759 0.103125 0.069444
0 0.371354 0.448148 0.105208 0.055556
0 0.366146 0.526389 0.105208 0.058333
0 0.907292 0.580556 0.105208 0.055556
1 0.573438 0.619444 0.107292 0.077778
0 0.358854 0.691667 0.105208 0.061111
0 0.351302 0.776389 0.110937 0.087963
0 0.351823 0.865278 0.109896 0.087963
0 0.360417 0.607870 0.105208 0.058333
0 0.489844 0.076852 0.098437 0.081481
1 0.492969 0.154630 0.098437 0.081481
0 0.589323 0.085185 0.098437 0.081481
1 0.686198 0.083796 0.090104 0.076852
1 0.789323 0.092130 0.090104 0.076852
1 0.691146 0.780556 0.103125 0.079630
1 0.705729 0.871759 0.107292 0.106481
0 0.927604 0.929167 0.119792 0.093519
0 0.932292 0.824537 0.119792 0.093519
1 0.811458 0.842130 0.108333 0.087963
0 0.781250 0.166204 0.100000 0.076852
