0 0.165885 0.071759 0.104688 0.078704
1 0.772917 0.116667 0.096875 0.070370
0 0.673958 0.123148 0.100000 0.070370
0 0.147135 0.143981 0.107813 0.071296
1 0.258594 0.149074 0.102604 0.070370
0 0.781771 0.188426 0.095833 0.071296
1 0.679948 0.198611 0.102604 0.056481
0 0.239844 0.216204 0.102604 0.071296
1 0.133594 0.215741 0.102604 0.077778
0 0.784635 0.262037 0.104688 0.087037
0 0.682031 0.269444 0.102604 0.055556
0 0.883854 0.271759 0.098958 0.069444
1 0.232813 0.292593 0.107292 0.074074
0 0.130208 0.297222 0.103125 0.068519
0 0.344271 0.335185 0.108333 0.075926
0 0.787240 0.348611 0.099479 0.075000
0 0.684635 0.343981 0.102604 0.056481
0 0.887240 0.351852 0.102604 0.055556
0 0.686198 0.417130 0.105729 0.073148
1 0.791927 0.421759 0.100521 0.076852
0 0.894531 0.422685 0.100521 0.076852
1 0.497396 0.465741 0.101042 0.083333
0 0.688021 0.493056 0.109375 0.076852
0 0.796094 0.502778 0.102604 0.057407
1 0.900781 0.496759 0.098437 0.071296
1 0.217448 0.522685 0.110937 0.082407
1 0.639323 0.583796 0.107813 0.104630
0 0.794792 0.582407 0.112500 0.085185
1 0.689844 0.661111 0.106771 0.085185
0 0.800521 0.667130 0.109375 0.084259
0 0.200521 0.691204 0.110417 0.082407
0 0.693229 0.744907 0.113542 0.087963
0 0.805729 0.754167 0.107292 0.086111
0 0.691927 0.831944 0.117188 0.086111
1 0.364063 0.114352 0.091667 0.123148
0 0.338802 0.257870 0.100521 0.073148
0 0.124479 0.364815 0.103125 0.085185
0 0.227083 0.373148 0.107292 0.085185
1 0.330469 0.407870 0.102604 0.056481
0 0.223698 0.443519 0.102604 0.057407
0 0.116667 0.442593 0.107292 0.079630
0 0.327083 0.484722 0.104167 0.080556
1 0.107031 0.522222 0.100521 0.079630
0 0.321615 0.569444 0.107813 0.081481
0 0.208854 0.604167 0.109375 0.076852
1 0.099740 0.605556 0.103646 0.077778
0 0.317969 0.666204 0.102604 0.060185
0 0.315365 0.751852 0.107813 0.079630
0 0.083333 0.817593 0.117708 0.090741
0 0.326042 0.834259 0.108333 0.088889
1 0.074219 0.921296 0.119271 0.087037
1 0.188021 0.922222 0.110417 0.087037
0 0.089063 0.698611 0.102083 0.086111
0 0.267448 0.074074 0.103646 0.072222
0 0.193750 0.831481 0.116667 0.092593
1 0.307031 0.932870 0.113021 0.087963
1 0.688281 0.925926 0.119271 0.094444
1 0.805990 0.938426 0.114062 0.102778
1 0.916406 0.933333 0.110937 0.103704
1 0.916146 0.838889 0.114583 0.087037
0 0.903125 0.581019 0.107292 0.086111
0 0.802604 0.847685 0.107292 0.086111
0 0.908333 0.664352 0.107292 0.086111
0 0.914062 0.751389 0.107292 0.086111
1 0.880990 0.199074 0.100521 0.072222
1 0.871875 0.123148 0.100000 0.098148
