1 0.872917 0.094907 0.101042 0.075000
1 0.679948 0.112500 0.100521 0.078704
0 0.390365 0.122685 0.101562 0.056481
1 0.582552 0.122685 0.098437 0.073148
1 0.488802 0.126389 0.100521 0.087963
0 0.773958 0.167130 0.102083 0.073148
1 0.877083 0.166204 0.104167 0.075000
0 0.672917 0.184259 0.100000 0.064815
0 0.576302 0.194907 0.101562 0.056481
0 0.478385 0.205556 0.101562 0.053704
0 0.780208 0.239352 0.101042 0.076852
0 0.880208 0.236111 0.102083 0.066667
0 0.688021 0.253241 0.101042 0.065741
1 0.587760 0.268056 0.099479 0.076852
0 0.483594 0.272222 0.097396 0.068519
0 0.784896 0.307870 0.096875 0.071296
0 0.887760 0.318519 0.104688 0.083333
0 0.687760 0.329630 0.099479 0.068519
0 0.586458 0.349074 0.097917 0.074074
1 0.484635 0.347222 0.102604 0.066667
0 0.788021 0.382870 0.100000 0.086111
0 0.687240 0.399074 0.101562 0.057407
0 0.890885 0.396296 0.103646 0.072222
0 0.587240 0.421759 0.099479 0.069444
0 0.483854 0.426389 0.102083 0.075000
0 0.791667 0.468056 0.102083 0.073148
0 0.688021 0.558796 0.102083 0.075000
1 0.580990 0.502778 0.099479 0.074074
0 0.475781 0.506019 0.101562 0.056481
0 0.792708 0.553704 0.100000 0.088889
0 0.687760 0.481944 0.097396 0.082407
1 0.370573 0.575463 0.110937 0.087963
0 0.584635 0.573611 0.101562 0.058333
1 0.479687 0.573611 0.101042 0.084259
1 0.691667 0.641204 0.101042 0.082407
0 0.799219 0.636111 0.102604 0.083333
1 0.363802 0.654167 0.101562 0.060185
0 0.587240 0.654167 0.101562 0.060185
0 0.908333 0.653704 0.098958 0.079630
0 0.475781 0.668519 0.101562 0.059259
1 0.696094 0.739352 0.101562 0.091667
0 0.588802 0.739352 0.101562 0.062037
0 0.804948 0.747685 0.106771 0.086111
0 0.480990 0.751852 0.101562 0.062963
0 0.693750 0.822222 0.112500 0.081481
0 0.586719 0.826389 0.101562 0.063889
0 0.476302 0.839352 0.101562 0.063889
0 0.804688 0.835185 0.112500 0.090741
1 0.370052 0.922685 0.116146 0.099074
1 0.772917 0.090741 0.085417 0.068519
0 0.380469 0.194444 0.101562 0.055556
1 0.385677 0.267130 0.101562 0.056481
0 0.383594 0.341204 0.101562 0.056481
0 0.371615 0.491667 0.101562 0.057407
1 0.897135 0.475000 0.103646 0.081481
0 0.373177 0.740278 0.101562 0.062037
0 0.361198 0.824537 0.106771 0.095370
0 0.382031 0.415741 0.101562 0.057407
1 0.478385 0.924537 0.116146 0.099074
1 0.593229 0.919907 0.112500 0.097222
1 0.703385 0.912963 0.102604 0.087037
1 0.811979 0.931481 0.109375 0.087037
1 0.923438 0.943519 0.110417 0.101852
1 0.921354 0.846759 0.122917 0.100926
0 0.901563 0.557407 0.110417 0.085185
0 0.912500 0.758333 0.110417 0.085185
