0 0.434635 0.093056 0.097396 0.084259
0 0.334115 0.155093 0.089063 0.075000
0 0.533073 0.159259 0.096354 0.074074
1 0.630990 0.110648 0.099479 0.130556
0 0.431771 0.171759 0.092708 0.084259
0 0.633854 0.207407 0.095833 0.074074
1 0.534115 0.228241 0.098437 0.073148
1 0.332292 0.228241 0.097917 0.071296
0 0.232031 0.242130 0.100521 0.075000
0 0.434375 0.248611 0.097917 0.097222
1 0.646094 0.280093 0.098437 0.078704
1 0.536719 0.304167 0.098437 0.078704
1 0.329948 0.300000 0.105729 0.074074
1 0.632031 0.356481 0.095312 0.075926
1 0.330208 0.377778 0.105208 0.081481
0 0.528385 0.389352 0.096354 0.082407
1 0.635417 0.428704 0.097917 0.072222
0 0.532552 0.475463 0.102604 0.095370
1 0.646094 0.511111 0.105729 0.079630
0 0.427344 0.493056 0.100521 0.104630
0 0.213021 0.551852 0.104167 0.085185
0 0.539323 0.553704 0.105729 0.094444
1 0.652344 0.591667 0.102604 0.081481
1 0.428646 0.583796 0.105208 0.112037
0 0.533854 0.632407 0.110417 0.100000
1 0.651042 0.675000 0.105208 0.077778
0 0.098177 0.650000 0.111979 0.081481
1 0.308854 0.731019 0.106250 0.086111
0 0.531510 0.725926 0.110937 0.098148
1 0.201042 0.741667 0.109375 0.094444
1 0.661979 0.758796 0.109375 0.089815
0 0.537500 0.810185 0.112500 0.088889
1 0.652865 0.844444 0.108854 0.081481
0 0.083333 0.828704 0.116667 0.085185
0 0.426042 0.837037 0.107292 0.090741
0 0.533073 0.914352 0.109896 0.091667
0 0.076563 0.922222 0.114583 0.087037
1 0.142969 0.084259 0.098437 0.074074
0 0.138021 0.152778 0.096875 0.068519
0 0.236198 0.164352 0.100521 0.078704
1 0.131771 0.226389 0.105208 0.073148
0 0.121354 0.295833 0.108333 0.062037
0 0.227865 0.318056 0.097396 0.078704
0 0.122135 0.382407 0.111979 0.088889
1 0.433333 0.330556 0.096875 0.109259
0 0.225781 0.391667 0.094271 0.083333
1 0.326823 0.454630 0.107813 0.079630
0 0.429948 0.412963 0.098437 0.120370
0 0.218490 0.471759 0.105729 0.073148
0 0.109115 0.480093 0.110937 0.082407
0 0.319792 0.531481 0.107292 0.074074
0 0.104948 0.565741 0.110937 0.087037
1 0.321875 0.617593 0.106250 0.088889
0 0.205208 0.644907 0.108333 0.082407
0 0.425521 0.656944 0.105208 0.093519
0 0.418750 0.746296 0.103125 0.096296
0 0.090365 0.736574 0.107813 0.084259
1 0.314063 0.837037 0.118750 0.088889
0 0.200260 0.832407 0.106771 0.090741
0 0.301302 0.934259 0.117188 0.083333
0 0.415104 0.930093 0.113542 0.086111
1 0.338021 0.080556 0.091667 0.070370
0 0.240365 0.086574 0.099479 0.071296
0 0.189062 0.932407 0.108333 0.103704
0 0.669271 0.929630 0.117708 0.101852
0 0.532552 0.088889 0.094271 0.072222
