1 0.867188 0.089352 0.101042 0.075000
0 0.581250 0.128241 0.102083 0.056481
0 0.482812 0.137500 0.102083 0.056481
1 0.382031 0.123148 0.105729 0.087037
0 0.777604 0.170370 0.097917 0.077778
0 0.872396 0.166667 0.102083 0.055556
0 0.678646 0.192593 0.087500 0.070370
0 0.580729 0.197685 0.102083 0.056481
0 0.482812 0.206944 0.102083 0.054630
1 0.384896 0.200463 0.098958 0.075000
0 0.777865 0.240741 0.103646 0.075926
0 0.877604 0.236111 0.102083 0.055556
0 0.683594 0.263889 0.089063 0.068519
1 0.585417 0.275000 0.100000 0.074074
0 0.483854 0.280556 0.102083 0.055556
1 0.383854 0.271759 0.102083 0.073148
0 0.884375 0.306944 0.102083 0.056481
0 0.142187 0.306481 0.110417 0.103704
1 0.680469 0.339815 0.099479 0.081481
0 0.576042 0.343519 0.102083 0.055556
1 0.476042 0.353241 0.102083 0.056481
0 0.783854 0.384722 0.103125 0.082407
0 0.688021 0.406481 0.102083 0.057407
0 0.585417 0.418056 0.102083 0.056481
0 0.142969 0.391204 0.113021 0.106481
0 0.483333 0.431019 0.102083 0.056481
0 0.790104 0.471296 0.098958 0.081481
0 0.894010 0.457870 0.104688 0.089815
0 0.680208 0.485185 0.102083 0.057407
1 0.576562 0.496296 0.102083 0.057407
1 0.471094 0.497222 0.105729 0.077778
0 0.140625 0.480093 0.111458 0.102778
0 0.796094 0.550926 0.101562 0.087037
1 0.901302 0.537500 0.105729 0.078704
0 0.692708 0.570833 0.102083 0.058333
0 0.588021 0.575000 0.102083 0.059259
0 0.142448 0.569444 0.130729 0.125926
1 0.482292 0.575926 0.103125 0.081481
0 0.801562 0.631019 0.102083 0.058333
1 0.367448 0.651852 0.115104 0.092593
0 0.589583 0.656019 0.102083 0.060185
1 0.695312 0.648611 0.104167 0.073148
1 0.478385 0.668056 0.101562 0.091667
0 0.909896 0.657407 0.103125 0.083333
0 0.805208 0.715278 0.102083 0.060185
1 0.689063 0.737500 0.098958 0.078704
0 0.583854 0.741667 0.102083 0.061111
0 0.475000 0.753241 0.102083 0.062037
0 0.810937 0.822685 0.102083 0.063889
0 0.589583 0.828241 0.102083 0.063889
0 0.701042 0.837037 0.102083 0.064815
0 0.479167 0.841204 0.102083 0.063889
1 0.680469 0.114815 0.096354 0.088889
1 0.776302 0.094444 0.094271 0.075926
0 0.784115 0.311111 0.103646 0.077778
0 0.890104 0.375926 0.104167 0.068519
1 0.371354 0.560648 0.111458 0.086111
1 0.366146 0.913426 0.111458 0.097222
0 0.139323 0.202315 0.106771 0.139815
1 0.484896 0.926852 0.112500 0.096296
1 0.923438 0.937963 0.112500 0.096296
1 0.809896 0.932407 0.112500 0.096296
1 0.704427 0.927315 0.102604 0.097222
1 0.600000 0.928704 0.112500 0.096296
0 0.911979 0.748148 0.103125 0.083333
0 0.917188 0.840741 0.103125 0.083333
