0 0.272396 0.083796 0.100000 0.078704
0 0.164062 0.077778 0.101042 0.072222
1 0.774219 0.114815 0.101562 0.068519
0 0.674740 0.124074 0.102604 0.079630
0 0.147656 0.143981 0.104688 0.071296
1 0.257292 0.152778 0.102083 0.055556
0 0.781250 0.185185 0.100000 0.072222
1 0.679167 0.196759 0.100000 0.063889
0 0.237760 0.216204 0.101562 0.071296
1 0.131510 0.219907 0.102604 0.075000
0 0.783594 0.265741 0.098437 0.081481
0 0.679688 0.272685 0.098958 0.067593
0 0.880729 0.277315 0.105208 0.073148
1 0.236458 0.293981 0.102083 0.056481
0 0.129427 0.295370 0.105729 0.072222
0 0.343490 0.334259 0.109896 0.074074
0 0.680990 0.343519 0.099479 0.075926
0 0.886458 0.353241 0.102083 0.075000
0 0.683073 0.419444 0.099479 0.075926
1 0.790885 0.423148 0.101562 0.075926
0 0.892448 0.428704 0.103646 0.079630
0 0.113802 0.447685 0.105729 0.069444
1 0.502865 0.477778 0.102604 0.070370
0 0.686979 0.495370 0.101042 0.077778
0 0.791927 0.498611 0.097396 0.075000
1 0.901823 0.502315 0.104688 0.082407
1 0.214583 0.529167 0.116667 0.076852
1 0.469531 0.548611 0.101562 0.073148
1 0.639062 0.584722 0.110417 0.104630
0 0.794271 0.580556 0.118750 0.079630
1 0.690625 0.662037 0.111458 0.088889
0 0.799219 0.665278 0.110937 0.087963
0 0.687760 0.749537 0.103646 0.078704
0 0.805990 0.755556 0.107813 0.083333
0 0.688802 0.833796 0.105729 0.078704
0 0.338802 0.253241 0.101562 0.076852
0 0.783594 0.347222 0.099479 0.079630
0 0.231250 0.368981 0.102083 0.056481
0 0.120833 0.374074 0.105208 0.074074
1 0.331250 0.407870 0.102083 0.056481
0 0.327865 0.481481 0.102604 0.081481
0 0.321354 0.564352 0.110417 0.069444
0 0.209375 0.611111 0.112500 0.083333
1 0.104167 0.614352 0.102083 0.056481
0 0.316667 0.662037 0.109375 0.087037
0 0.312500 0.744907 0.110417 0.076852
0 0.081510 0.817593 0.110937 0.085185
0 0.326302 0.829630 0.110937 0.085185
1 0.071615 0.913889 0.108854 0.101852
0 0.223958 0.443519 0.102083 0.057407
1 0.105729 0.523611 0.109375 0.084259
0 0.207292 0.702778 0.118750 0.083333
0 0.091406 0.701389 0.109896 0.078704
1 0.186198 0.926852 0.109896 0.105556
1 0.304688 0.929630 0.119792 0.103704
1 0.688802 0.925000 0.117188 0.101852
1 0.805208 0.933796 0.109375 0.091667
1 0.920573 0.926389 0.127604 0.084259
1 0.915365 0.837500 0.117188 0.075000
0 0.195312 0.830556 0.118750 0.083333
0 0.806510 0.846296 0.107813 0.083333
0 0.905469 0.587963 0.107813 0.083333
0 0.908594 0.666667 0.107813 0.083333
0 0.914844 0.757407 0.107813 0.083333
1 0.873437 0.127778 0.092708 0.103704
1 0.883073 0.205556 0.101562 0.068519
