0 0.385417 0.097685 0.102083 0.062037
0 0.486458 0.112963 0.102083 0.059259
0 0.676562 0.155556 0.102083 0.057407
0 0.774479 0.156481 0.102083 0.057407
1 0.583594 0.179630 0.092188 0.075926
1 0.479167 0.183333 0.102083 0.055556
0 0.679167 0.225000 0.102083 0.053704
1 0.779687 0.227315 0.102083 0.056481
1 0.585938 0.252315 0.101042 0.067593
1 0.479948 0.248148 0.102604 0.066667
0 0.882552 0.242130 0.107813 0.086111
0 0.791406 0.300463 0.098437 0.073148
0 0.692448 0.303704 0.100521 0.070370
0 0.592708 0.317593 0.102083 0.055556
0 0.492708 0.328704 0.102083 0.055556
0 0.683594 0.383796 0.105729 0.080556
1 0.787500 0.374074 0.102083 0.085185
0 0.585417 0.396296 0.102083 0.055556
0 0.483333 0.401852 0.102083 0.055556
0 0.896615 0.434722 0.110937 0.078704
0 0.692448 0.460648 0.101562 0.082407
1 0.794531 0.449074 0.098437 0.087037
1 0.482812 0.472222 0.101042 0.072222
1 0.587240 0.475000 0.100521 0.081481
0 0.903646 0.513889 0.112500 0.079630
0 0.692187 0.538889 0.105208 0.083333
0 0.798438 0.527315 0.107292 0.067593
0 0.590104 0.554167 0.102083 0.058333
1 0.484896 0.556481 0.102083 0.057407
0 0.802604 0.604167 0.111458 0.086111
1 0.694531 0.623611 0.106771 0.091667
1 0.481250 0.637500 0.102083 0.060185
1 0.588021 0.634259 0.102083 0.059259
1 0.916146 0.670833 0.112500 0.087963
1 0.808594 0.685648 0.121354 0.087963
0 0.696354 0.689815 0.102083 0.059259
0 0.586458 0.717593 0.102083 0.061111
0 0.477083 0.721296 0.102083 0.061111
1 0.922917 0.754167 0.127083 0.080556
1 0.808073 0.777778 0.109896 0.085185
1 0.703646 0.786111 0.103125 0.083333
0 0.589063 0.804630 0.117708 0.083333
0 0.483333 0.807870 0.102083 0.063889
0 0.928646 0.847685 0.102083 0.062037
0 0.580469 0.901389 0.118229 0.100926
0 0.472917 0.896296 0.102083 0.066667
1 0.875260 0.087500 0.106771 0.087963
0 0.380469 0.168981 0.102604 0.078704
0 0.879427 0.168056 0.111979 0.086111
0 0.378646 0.242130 0.105208 0.071296
0 0.392188 0.327778 0.102083 0.055556
0 0.890104 0.338889 0.112500 0.088889
0 0.382292 0.394907 0.102083 0.054630
1 0.381250 0.471296 0.102083 0.057407
0 0.380729 0.549537 0.102083 0.058333
0 0.375000 0.632870 0.102083 0.060185
0 0.368750 0.717593 0.102083 0.061111
0 0.373958 0.804167 0.102083 0.063889
0 0.360938 0.896759 0.102083 0.067593
0 0.588281 0.103704 0.096354 0.075926
1 0.699219 0.877315 0.118229 0.100926
0 0.811719 0.884722 0.118229 0.100926
0 0.927865 0.931944 0.118229 0.100926
1 0.689844 0.091204 0.097396 0.080556
1 0.777865 0.085648 0.097396 0.080556
1 0.905729 0.590278 0.112500 0.087963
