1 0.681510 0.117130 0.099479 0.086111
1 0.871875 0.100000 0.109375 0.074074
1 0.586719 0.123611 0.094271 0.065741
1 0.485677 0.132407 0.100521 0.075926
0 0.771875 0.170833 0.091667 0.071296
0 0.675781 0.185648 0.097396 0.067593
1 0.874219 0.175926 0.099479 0.077778
0 0.581510 0.196759 0.093229 0.056481
0 0.477344 0.206481 0.103646 0.053704
0 0.781510 0.247685 0.101562 0.071296
0 0.878385 0.247222 0.103646 0.055556
0 0.682813 0.258796 0.090625 0.071296
1 0.585417 0.275463 0.100000 0.069444
0 0.484115 0.278704 0.103646 0.055556
0 0.783594 0.317130 0.101562 0.073148
0 0.887240 0.327315 0.106771 0.075000
0 0.583594 0.349074 0.102604 0.072222
1 0.482031 0.343981 0.102604 0.073148
1 0.788802 0.391204 0.097396 0.075000
0 0.686719 0.409722 0.099479 0.078704
0 0.890365 0.405556 0.104688 0.081481
0 0.579427 0.421759 0.103646 0.056481
0 0.476042 0.421296 0.101042 0.070370
0 0.791406 0.476852 0.103646 0.057407
0 0.688021 0.482407 0.101042 0.083333
1 0.896354 0.490741 0.103125 0.081481
1 0.580729 0.493981 0.098958 0.071296
0 0.474740 0.506019 0.103646 0.056481
0 0.792708 0.562500 0.110417 0.093519
0 0.899740 0.568981 0.116146 0.075000
0 0.581510 0.584722 0.103646 0.058333
1 0.476562 0.578241 0.104167 0.075000
1 0.690885 0.574537 0.105729 0.095370
0 0.583594 0.665278 0.103646 0.060185
0 0.474479 0.661111 0.103125 0.074074
0 0.800521 0.665278 0.109375 0.087963
0 0.476823 0.745370 0.098437 0.077778
0 0.588281 0.750926 0.103646 0.061111
1 0.696615 0.752315 0.098437 0.078704
0 0.802865 0.748611 0.109896 0.080556
0 0.475781 0.840278 0.103646 0.063889
0 0.586198 0.837037 0.103646 0.062963
0 0.697396 0.847222 0.107292 0.085185
0 0.805990 0.843519 0.110937 0.090741
1 0.354948 0.919907 0.113021 0.102778
0 0.389323 0.122685 0.103646 0.056481
0 0.377865 0.192130 0.103646 0.056481
1 0.383073 0.270370 0.100521 0.062963
0 0.683073 0.331019 0.099479 0.076852
0 0.382552 0.341204 0.103646 0.056481
0 0.368490 0.489815 0.103646 0.057407
1 0.368490 0.569444 0.107813 0.079630
1 0.360417 0.655556 0.115625 0.079630
0 0.366406 0.747685 0.111979 0.080556
0 0.366406 0.824537 0.103646 0.063889
0 0.376302 0.416204 0.103646 0.056481
1 0.470052 0.926389 0.113021 0.102778
1 0.581510 0.921759 0.113021 0.102778
0 0.693490 0.933333 0.108854 0.083333
1 0.692448 0.668981 0.098437 0.078704
1 0.777865 0.102315 0.083854 0.086111
1 0.809115 0.941204 0.113021 0.102778
0 0.910156 0.669444 0.104688 0.088889
0 0.912240 0.758796 0.107813 0.075000
1 0.919792 0.850463 0.108333 0.080556
1 0.924479 0.947222 0.110417 0.088889
