1 0.879427 0.124074 0.102604 0.077778
0 0.497917 0.128241 0.086458 0.067593
1 0.779427 0.179630 0.104688 0.057407
0 0.469531 0.204167 0.104688 0.054630
0 0.568490 0.199537 0.104688 0.056481
0 0.883333 0.194444 0.108333 0.072222
1 0.788802 0.253241 0.098437 0.075000
1 0.688802 0.251852 0.097396 0.059259
0 0.586198 0.270370 0.104688 0.055556
0 0.383073 0.276389 0.104688 0.056481
0 0.482031 0.276852 0.104688 0.055556
0 0.888281 0.264352 0.107813 0.071296
0 0.791406 0.327315 0.098437 0.069444
1 0.694531 0.329630 0.100521 0.075926
0 0.589323 0.343981 0.104688 0.056481
0 0.895573 0.338889 0.105729 0.081481
0 0.488802 0.351852 0.104688 0.055556
1 0.794271 0.401852 0.101042 0.068519
1 0.691927 0.410648 0.101562 0.078704
0 0.587240 0.418056 0.105729 0.073148
0 0.899479 0.413426 0.110417 0.075000
0 0.485156 0.425926 0.104688 0.055556
1 0.800000 0.480556 0.100000 0.075926
0 0.591146 0.502778 0.108333 0.072222
0 0.486198 0.502778 0.104688 0.057407
0 0.900781 0.490278 0.103646 0.087963
0 0.802604 0.557407 0.102083 0.074074
1 0.696615 0.563889 0.102604 0.081481
0 0.589323 0.586111 0.106771 0.081481
0 0.909115 0.568056 0.108854 0.073148
1 0.485677 0.579167 0.105729 0.073148
0 0.802083 0.632870 0.101042 0.076852
0 0.689323 0.645833 0.101562 0.076852
1 0.471094 0.664352 0.104688 0.060185
1 0.582292 0.663889 0.110417 0.081481
1 0.915625 0.654167 0.118750 0.093519
1 0.807292 0.718056 0.114583 0.082407
0 0.576823 0.750463 0.105729 0.078704
1 0.921615 0.740278 0.108854 0.087963
0 0.467969 0.748611 0.104688 0.062037
0 0.468229 0.838426 0.106250 0.084259
0 0.583594 0.828241 0.104688 0.063889
0 0.922656 0.822222 0.110937 0.088889
0 0.573698 0.920833 0.104688 0.067593
0 0.932031 0.921759 0.108854 0.093519
0 0.596094 0.123148 0.090104 0.070370
0 0.394792 0.129630 0.107292 0.077778
1 0.688021 0.116204 0.091667 0.073148
0 0.371615 0.206019 0.104688 0.056481
0 0.388281 0.350000 0.104688 0.055556
0 0.376302 0.425000 0.104688 0.055556
1 0.695312 0.485185 0.104167 0.081481
1 0.377344 0.502778 0.104688 0.057407
0 0.379427 0.583333 0.104688 0.057407
0 0.364323 0.666204 0.104688 0.060185
0 0.358594 0.751389 0.104688 0.062037
0 0.362240 0.839352 0.104688 0.065741
0 0.341146 0.933796 0.118750 0.095370
0 0.457292 0.933333 0.106250 0.096296
1 0.698177 0.902315 0.111979 0.106481
0 0.815365 0.900000 0.117188 0.105556
1 0.778385 0.109259 0.089063 0.066667
1 0.672656 0.187963 0.089063 0.066667
1 0.693490 0.811574 0.111979 0.095370
1 0.690625 0.729630 0.114583 0.087037
1 0.808854 0.805093 0.114583 0.082407
