0 0.159375 0.074537 0.108333 0.065741
1 0.772656 0.118056 0.099479 0.076852
0 0.671615 0.126389 0.103646 0.073148
1 0.251563 0.154167 0.103125 0.073148
0 0.777344 0.189352 0.104688 0.073148
1 0.681771 0.194444 0.102083 0.062963
1 0.362240 0.187037 0.101562 0.111111
0 0.236719 0.223148 0.097396 0.079630
1 0.132812 0.217593 0.104167 0.081481
0 0.783594 0.264815 0.099479 0.074074
0 0.682292 0.268981 0.102083 0.054630
0 0.882812 0.276389 0.103125 0.075000
1 0.233854 0.290278 0.107292 0.073148
0 0.128385 0.294444 0.106771 0.074074
0 0.785677 0.345833 0.102604 0.073148
0 0.684896 0.343519 0.102083 0.055556
0 0.886198 0.350463 0.100521 0.069444
0 0.688542 0.418519 0.102083 0.057407
1 0.791667 0.420833 0.103125 0.080556
0 0.892969 0.424537 0.103646 0.078704
1 0.514323 0.476389 0.103646 0.091667
0 0.688542 0.495833 0.106250 0.078704
0 0.794792 0.501389 0.105208 0.076852
1 0.899219 0.503704 0.105729 0.077778
1 0.216406 0.522685 0.113021 0.087963
1 0.636719 0.585185 0.113021 0.105556
0 0.793490 0.579167 0.111979 0.084259
0 0.208854 0.610648 0.113542 0.086111
1 0.688281 0.659722 0.109896 0.093519
0 0.799479 0.665741 0.111458 0.098148
0 0.692708 0.742593 0.114583 0.079630
0 0.803906 0.760185 0.110937 0.092593
0 0.692969 0.827315 0.114062 0.089815
0 0.143490 0.147222 0.102604 0.074074
0 0.339062 0.259722 0.104167 0.073148
0 0.344792 0.329630 0.105208 0.066667
0 0.228385 0.367593 0.105729 0.066667
0 0.122656 0.369444 0.108854 0.075926
0 0.221615 0.445370 0.105729 0.070370
1 0.335417 0.405556 0.105208 0.081481
0 0.114323 0.453241 0.103646 0.067593
0 0.328646 0.484722 0.104167 0.073148
1 0.103385 0.524537 0.115104 0.078704
1 0.097656 0.611111 0.111979 0.074074
0 0.318229 0.667130 0.106250 0.084259
0 0.204427 0.700000 0.106771 0.090741
0 0.316146 0.749074 0.109375 0.081481
0 0.083333 0.818056 0.114583 0.091667
0 0.323958 0.836574 0.115625 0.091667
1 0.075521 0.915278 0.120833 0.087963
1 0.187760 0.922222 0.114062 0.092593
0 0.322656 0.562037 0.110937 0.077778
0 0.090885 0.695833 0.110937 0.086111
0 0.270313 0.076389 0.102083 0.089815
0 0.195833 0.830093 0.121875 0.082407
1 0.304167 0.929630 0.115625 0.090741
1 0.918490 0.836574 0.113021 0.084259
1 0.917708 0.933333 0.116667 0.092593
1 0.807031 0.938426 0.108854 0.102778
1 0.688802 0.923148 0.117188 0.096296
1 0.882031 0.202778 0.099479 0.075926
1 0.875000 0.123148 0.104167 0.094444
0 0.808594 0.844444 0.110937 0.092593
0 0.903125 0.584259 0.105208 0.081481
0 0.909375 0.666204 0.105208 0.084259
0 0.912760 0.750926 0.110937 0.092593
