1 0.363021 0.124074 0.094792 0.072222
0 0.464323 0.130556 0.092188 0.085185
1 0.562240 0.134259 0.098437 0.072222
1 0.661979 0.142593 0.095833 0.074074
0 0.139063 0.195833 0.107292 0.065741
0 0.354687 0.203241 0.100000 0.067593
0 0.454427 0.207870 0.092188 0.071296
1 0.556250 0.211574 0.105208 0.069444
1 0.657031 0.217593 0.096354 0.075926
0 0.544271 0.286574 0.101042 0.069444
1 0.641406 0.288426 0.090104 0.069444
1 0.329688 0.348611 0.097917 0.071296
0 0.544271 0.358796 0.106250 0.069444
0 0.645573 0.358796 0.097396 0.065741
1 0.553385 0.432407 0.107813 0.066667
0 0.660937 0.434259 0.105208 0.085185
1 0.218750 0.500463 0.106250 0.078704
0 0.550000 0.510648 0.105208 0.067593
0 0.655208 0.511111 0.103125 0.072222
1 0.433073 0.580556 0.101562 0.081481
0 0.542969 0.591204 0.104688 0.071296
0 0.649219 0.589815 0.108854 0.079630
0 0.421094 0.666667 0.105729 0.074074
0 0.532031 0.670370 0.103646 0.070370
0 0.639583 0.671296 0.109375 0.077778
0 0.419792 0.746296 0.104167 0.077778
0 0.531771 0.751852 0.107292 0.081481
1 0.655469 0.755093 0.111979 0.087963
0 0.528646 0.838889 0.102083 0.083333
1 0.417187 0.834722 0.109375 0.075000
0 0.644271 0.845370 0.113542 0.088889
1 0.409375 0.929630 0.106250 0.083333
0 0.147396 0.116667 0.106250 0.068519
0 0.252604 0.205556 0.095833 0.072222
0 0.437760 0.274537 0.096354 0.065741
1 0.130469 0.266204 0.104688 0.069444
1 0.235156 0.275926 0.100521 0.075926
0 0.226823 0.349537 0.100521 0.065741
0 0.433854 0.350463 0.103125 0.069444
0 0.441146 0.420370 0.104167 0.072222
0 0.115625 0.415741 0.109375 0.075926
0 0.330208 0.428241 0.105208 0.067593
0 0.221094 0.424074 0.101562 0.066667
0 0.109896 0.493981 0.111458 0.071296
0 0.327083 0.509259 0.103125 0.068519
0 0.439063 0.499537 0.103125 0.075000
1 0.102083 0.578241 0.108333 0.078704
0 0.321615 0.582870 0.106771 0.067593
0 0.206250 0.666667 0.106250 0.075926
0 0.314844 0.663889 0.104688 0.083333
0 0.196615 0.751389 0.107813 0.084259
1 0.087500 0.745370 0.107292 0.081481
0 0.310156 0.759259 0.103646 0.077778
0 0.190365 0.834722 0.108854 0.080556
0 0.301823 0.842593 0.107813 0.075926
1 0.523177 0.934259 0.110937 0.081481
1 0.075000 0.918981 0.112500 0.087963
0 0.252344 0.132407 0.099479 0.075926
0 0.338802 0.281944 0.101562 0.069444
1 0.121615 0.337500 0.106771 0.067593
0 0.212500 0.581481 0.103125 0.075926
0 0.092708 0.662500 0.107292 0.076852
0 0.079427 0.829167 0.106771 0.080556
1 0.182812 0.928704 0.107292 0.087037
1 0.294531 0.925463 0.110937 0.091667
1 0.639844 0.928704 0.115104 0.088889
