0 0.164062 0.076389 0.108333 0.069444
1 0.773438 0.120370 0.098958 0.075926
0 0.672396 0.120833 0.101042 0.076852
0 0.145313 0.143056 0.111458 0.071296
1 0.871094 0.121759 0.095312 0.099074
1 0.257031 0.146759 0.103646 0.073148
0 0.780469 0.188426 0.097396 0.065741
1 0.680208 0.198148 0.102083 0.055556
1 0.879948 0.204630 0.095312 0.070370
0 0.236458 0.218519 0.103125 0.077778
0 0.780729 0.264352 0.100000 0.082407
0 0.681510 0.265278 0.103646 0.067593
0 0.880990 0.271759 0.104688 0.069444
1 0.233333 0.294444 0.106250 0.066667
0 0.126823 0.296759 0.104688 0.069444
0 0.346875 0.326852 0.112500 0.070370
0 0.683854 0.339352 0.104167 0.071296
0 0.889062 0.347685 0.103125 0.075000
0 0.231250 0.368519 0.102083 0.055556
0 0.685417 0.412037 0.106250 0.072222
1 0.790365 0.423611 0.100521 0.078704
0 0.895052 0.421296 0.101562 0.074074
0 0.327344 0.483333 0.104688 0.079630
1 0.492969 0.470833 0.103646 0.076852
0 0.689323 0.493519 0.102604 0.075926
0 0.796354 0.502778 0.102083 0.057407
1 0.898177 0.503704 0.100521 0.085185
1 0.214844 0.521759 0.111979 0.089815
1 0.639844 0.581481 0.107813 0.103704
0 0.797135 0.578241 0.110937 0.086111
0 0.208594 0.606019 0.113021 0.073148
1 0.688802 0.665741 0.108854 0.087037
0 0.800521 0.663426 0.109375 0.091667
0 0.203125 0.697685 0.111458 0.087963
0 0.691146 0.747685 0.117708 0.075000
0 0.805208 0.754167 0.108333 0.086111
0 0.691667 0.836574 0.112500 0.086111
1 0.077865 0.917130 0.118229 0.095370
0 0.269792 0.079630 0.102083 0.072222
1 0.364844 0.120370 0.093229 0.122222
1 0.134896 0.218519 0.105208 0.075926
0 0.337760 0.253241 0.101562 0.080556
0 0.784115 0.346296 0.098437 0.081481
0 0.120313 0.368056 0.104167 0.073148
1 0.330729 0.407407 0.102083 0.057407
0 0.223958 0.443519 0.102083 0.057407
0 0.112240 0.444444 0.106771 0.077778
1 0.105469 0.524074 0.103646 0.074074
0 0.323177 0.563889 0.110937 0.079630
1 0.100260 0.611574 0.104688 0.084259
0 0.314844 0.662963 0.113021 0.075926
0 0.316667 0.751389 0.102083 0.062037
0 0.084115 0.823148 0.119271 0.092593
0 0.330729 0.839815 0.102083 0.064815
0 0.091146 0.699074 0.105208 0.090741
1 0.186979 0.928241 0.110417 0.108333
0 0.196875 0.828704 0.121875 0.085185
1 0.303906 0.931019 0.110937 0.108333
1 0.691146 0.926389 0.112500 0.086111
1 0.807292 0.935648 0.112500 0.086111
1 0.917188 0.929167 0.112500 0.086111
1 0.919792 0.838426 0.112500 0.086111
0 0.807292 0.848611 0.108333 0.086111
0 0.912500 0.757870 0.108333 0.086111
0 0.908333 0.670833 0.108333 0.086111
0 0.904687 0.583796 0.108333 0.086111
