0 0.163802 0.078704 0.100521 0.072222
1 0.772656 0.115741 0.101562 0.075926
0 0.673958 0.128241 0.100000 0.076852
0 0.145052 0.145833 0.101562 0.069444
1 0.258073 0.150463 0.101562 0.067593
0 0.779427 0.190278 0.103646 0.067593
1 0.682031 0.199074 0.099479 0.066667
0 0.240365 0.214352 0.104688 0.076852
0 0.780469 0.264352 0.100521 0.071296
0 0.684896 0.275463 0.097917 0.069444
0 0.881771 0.277778 0.101042 0.072222
1 0.234896 0.292130 0.102083 0.075000
0 0.346875 0.332870 0.107292 0.067593
0 0.783073 0.346296 0.096354 0.072222
0 0.685937 0.343981 0.101042 0.073148
0 0.888802 0.351389 0.100521 0.076852
0 0.229167 0.368056 0.101042 0.075000
0 0.685937 0.422685 0.103125 0.084259
1 0.790885 0.419907 0.101562 0.075000
0 0.892969 0.428704 0.102604 0.081481
1 0.495052 0.477315 0.104688 0.082407
0 0.688542 0.497222 0.105208 0.081481
0 0.793229 0.502315 0.101042 0.087963
1 0.898958 0.505093 0.102083 0.080556
1 0.215104 0.523611 0.112500 0.080556
1 0.639583 0.588426 0.108333 0.106481
0 0.790625 0.581481 0.114583 0.085185
1 0.686458 0.662500 0.106250 0.095370
0 0.317188 0.666667 0.110417 0.081481
0 0.800260 0.666204 0.114062 0.084259
0 0.690885 0.747222 0.109896 0.087037
0 0.802083 0.750926 0.110417 0.085185
0 0.690625 0.835185 0.115625 0.088889
1 0.366406 0.116667 0.093229 0.122222
1 0.133073 0.223148 0.104688 0.079630
0 0.338021 0.254630 0.102083 0.083333
0 0.126562 0.295370 0.103125 0.072222
0 0.121094 0.368981 0.104688 0.078704
0 0.223177 0.446759 0.103646 0.073148
1 0.331250 0.403704 0.108333 0.070370
0 0.113542 0.447685 0.108333 0.069444
0 0.328385 0.486111 0.106771 0.090741
1 0.105208 0.525000 0.106250 0.079630
0 0.211198 0.604167 0.109896 0.076852
1 0.098437 0.612037 0.106250 0.081481
0 0.313021 0.751389 0.114583 0.080556
0 0.084635 0.818519 0.116146 0.088889
0 0.325781 0.839815 0.111979 0.085185
1 0.075260 0.916204 0.118229 0.095370
0 0.321615 0.563426 0.110937 0.082407
0 0.204167 0.694907 0.115625 0.099074
0 0.090365 0.700463 0.103646 0.095370
0 0.264844 0.077778 0.100521 0.072222
0 0.197396 0.831481 0.116667 0.096296
1 0.185156 0.927315 0.118229 0.095370
1 0.302344 0.931019 0.118229 0.095370
1 0.918229 0.835648 0.117708 0.084259
1 0.918229 0.930093 0.114583 0.095370
1 0.805208 0.938889 0.113542 0.100000
1 0.689583 0.926389 0.117708 0.104630
0 0.807292 0.845370 0.110417 0.085185
0 0.806250 0.843519 0.110417 0.085185
0 0.903646 0.585185 0.110417 0.085185
0 0.910417 0.667593 0.110417 0.085185
0 0.913021 0.753704 0.110417 0.085185
1 0.880729 0.203241 0.095833 0.069444
1 0.872917 0.126389 0.096875 0.097222
