0 0.382292 0.119907 0.091667 0.078704
0 0.672917 0.128241 0.101042 0.056481
1 0.576562 0.131019 0.101042 0.056481
1 0.482031 0.127778 0.094271 0.085185
0 0.776563 0.187500 0.089583 0.076852
0 0.576042 0.202315 0.101042 0.056481
1 0.679688 0.199537 0.101042 0.056481
0 0.478125 0.205556 0.101042 0.053704
1 0.879167 0.200926 0.103125 0.074074
0 0.782292 0.259259 0.101042 0.055556
0 0.683333 0.269907 0.101042 0.054630
0 0.484896 0.278704 0.101042 0.055556
1 0.585417 0.273611 0.095833 0.073148
0 0.882552 0.271759 0.101562 0.065741
0 0.685417 0.344444 0.101042 0.055556
0 0.584375 0.346759 0.101042 0.056481
0 0.887760 0.342593 0.101562 0.070370
1 0.486458 0.343981 0.095833 0.073148
1 0.785937 0.418981 0.101042 0.056481
0 0.580729 0.421296 0.101042 0.057407
0 0.683333 0.419907 0.101042 0.056481
0 0.478906 0.424074 0.092188 0.077778
0 0.891927 0.417130 0.101562 0.078704
0 0.796354 0.499074 0.101042 0.057407
0 0.691667 0.497685 0.101042 0.056481
1 0.580208 0.501852 0.102083 0.083333
1 0.898438 0.501389 0.103125 0.080556
0 0.476042 0.506481 0.101042 0.057407
1 0.366927 0.574074 0.105729 0.083333
1 0.688802 0.575926 0.103646 0.079630
0 0.582292 0.579167 0.101042 0.058333
0 0.798177 0.576852 0.104688 0.079630
1 0.477344 0.574537 0.099479 0.082407
1 0.364063 0.654167 0.101042 0.060185
0 0.580729 0.660185 0.101042 0.059259
1 0.690885 0.657407 0.106771 0.087037
0 0.472917 0.659259 0.103125 0.079630
0 0.799479 0.666204 0.110417 0.080556
0 0.693229 0.744444 0.101042 0.061111
0 0.474219 0.742593 0.101562 0.081481
0 0.583333 0.744907 0.101042 0.062037
0 0.803906 0.754630 0.110937 0.085185
0 0.697917 0.831019 0.101042 0.063889
0 0.585417 0.831481 0.101042 0.062963
0 0.475000 0.840278 0.101042 0.063889
0 0.808073 0.843519 0.113021 0.087037
1 0.773177 0.111574 0.092188 0.067593
1 0.869010 0.126852 0.093229 0.072222
0 0.380729 0.193519 0.101042 0.055556
1 0.384635 0.267593 0.105729 0.070370
0 0.785417 0.345833 0.101042 0.071296
0 0.383854 0.341204 0.101042 0.056481
0 0.372396 0.492593 0.101042 0.057407
0 0.902083 0.587963 0.103125 0.083333
0 0.367708 0.739815 0.101042 0.061111
0 0.366146 0.827315 0.101042 0.063889
0 0.377604 0.416204 0.101042 0.056481
0 0.914583 0.758796 0.113542 0.080556
0 0.909115 0.670370 0.109896 0.083333
1 0.918750 0.852778 0.114583 0.088889
1 0.923958 0.940741 0.114583 0.088889
1 0.810417 0.939352 0.114583 0.106481
1 0.695573 0.921759 0.115104 0.100926
1 0.583333 0.923611 0.112500 0.102778
1 0.469010 0.923148 0.113021 0.103704
1 0.356250 0.913889 0.109375 0.088889
