1 0.867708 0.090741 0.103125 0.070370
1 0.679167 0.120833 0.090625 0.069444
0 0.580208 0.127315 0.103125 0.056481
1 0.384635 0.117130 0.099479 0.089815
0 0.482292 0.136574 0.103125 0.054630
0 0.780208 0.162037 0.103125 0.055556
0 0.871875 0.164815 0.103125 0.053704
0 0.677083 0.187037 0.103125 0.055556
0 0.580208 0.195833 0.103125 0.054630
0 0.481771 0.206481 0.103125 0.053704
0 0.783594 0.235648 0.101562 0.078704
0 0.876563 0.235185 0.103125 0.055556
0 0.684375 0.267130 0.097917 0.073148
1 0.585677 0.275463 0.097396 0.069444
0 0.483333 0.281019 0.103125 0.054630
1 0.383333 0.279167 0.103125 0.054630
0 0.786979 0.315741 0.101042 0.068519
0 0.883854 0.306019 0.103125 0.054630
0 0.575521 0.342130 0.103125 0.054630
1 0.683854 0.350926 0.096875 0.075926
1 0.373437 0.345833 0.103125 0.054630
1 0.475521 0.353704 0.103125 0.055556
0 0.791667 0.393056 0.100000 0.071296
0 0.688021 0.413889 0.103125 0.057407
0 0.584375 0.416667 0.103125 0.055556
0 0.482812 0.431481 0.103125 0.055556
0 0.892708 0.457407 0.103125 0.057407
0 0.790885 0.471759 0.098437 0.073148
1 0.577083 0.504630 0.098958 0.075926
0 0.682552 0.502778 0.098437 0.074074
1 0.475521 0.497685 0.094792 0.075000
0 0.796094 0.556019 0.100521 0.087963
1 0.900000 0.539352 0.101042 0.076852
1 0.377604 0.575463 0.103125 0.058333
0 0.590104 0.582407 0.097917 0.074074
0 0.692708 0.579167 0.103125 0.058333
1 0.482292 0.574537 0.103125 0.084259
0 0.800781 0.640278 0.099479 0.087963
0 0.589063 0.665278 0.103125 0.078704
1 0.695833 0.651389 0.103125 0.080556
1 0.483073 0.659259 0.100521 0.081481
0 0.903125 0.650463 0.113542 0.104630
0 0.806250 0.732870 0.103125 0.060185
0 0.582812 0.741667 0.103125 0.061111
1 0.691667 0.745370 0.103125 0.061111
0 0.474479 0.752778 0.103125 0.061111
0 0.809896 0.813889 0.103125 0.062963
0 0.590104 0.827778 0.103125 0.062963
0 0.701562 0.835648 0.103125 0.063889
0 0.480208 0.840741 0.103125 0.064815
0 0.577344 0.927778 0.111979 0.087037
0 0.464062 0.915741 0.104167 0.079630
1 0.384896 0.194907 0.100000 0.076852
0 0.888021 0.381481 0.103125 0.055556
1 0.369271 0.494907 0.103125 0.056481
1 0.377083 0.656944 0.103125 0.060185
1 0.367188 0.739815 0.103125 0.061111
1 0.370312 0.831944 0.103125 0.063889
1 0.358333 0.922685 0.103125 0.067593
0 0.381250 0.418981 0.103125 0.056481
0 0.696615 0.923148 0.111979 0.087037
0 0.925781 0.925000 0.111979 0.087037
0 0.917448 0.823148 0.111979 0.087037
0 0.911198 0.749074 0.111979 0.087037
1 0.771875 0.096759 0.090625 0.069444
1 0.808854 0.917130 0.097917 0.106481
