1 0.878125 0.121296 0.102083 0.081481
1 0.774740 0.119907 0.096354 0.067593
1 0.681771 0.130556 0.097917 0.090741
0 0.581510 0.128704 0.100521 0.055556
0 0.483594 0.136574 0.100521 0.054630
1 0.384635 0.115741 0.099479 0.090741
0 0.880469 0.185648 0.104688 0.067593
0 0.580990 0.199074 0.100521 0.055556
0 0.483073 0.205556 0.100521 0.053704
0 0.679427 0.206481 0.100521 0.055556
0 0.779427 0.264352 0.099479 0.075000
1 0.585417 0.278704 0.098958 0.070370
0 0.485156 0.279167 0.100521 0.054630
0 0.684115 0.281019 0.100521 0.054630
1 0.385417 0.268519 0.100000 0.075926
0 0.886719 0.329630 0.100521 0.053704
0 0.785417 0.343519 0.102083 0.068519
0 0.576823 0.344444 0.100521 0.055556
1 0.683854 0.353241 0.096875 0.069444
1 0.375781 0.343981 0.104688 0.076852
1 0.476302 0.352778 0.100521 0.055556
0 0.787240 0.416204 0.101562 0.076852
0 0.586198 0.418981 0.100521 0.056481
0 0.484635 0.430556 0.100521 0.055556
0 0.689323 0.431019 0.100521 0.056481
1 0.901563 0.487963 0.113542 0.081481
0 0.794010 0.499074 0.103646 0.083333
1 0.373437 0.487500 0.114583 0.075000
1 0.587240 0.496296 0.100521 0.057407
1 0.484375 0.499537 0.098958 0.073148
0 0.691927 0.508333 0.100521 0.057407
0 0.905990 0.572685 0.107813 0.082407
0 0.799219 0.570833 0.108854 0.075000
0 0.589323 0.575926 0.100521 0.059259
0 0.694531 0.588426 0.100521 0.058333
1 0.483594 0.576852 0.100521 0.079630
0 0.800260 0.652778 0.104688 0.081481
1 0.377865 0.654630 0.121354 0.090741
0 0.589844 0.656944 0.100521 0.060185
1 0.482552 0.658796 0.102604 0.082407
0 0.907813 0.662037 0.101042 0.077778
1 0.695833 0.668519 0.098958 0.085185
0 0.586719 0.742130 0.100521 0.062037
0 0.477083 0.742130 0.102083 0.084259
0 0.696615 0.756481 0.100521 0.061111
0 0.591927 0.828241 0.100521 0.063889
0 0.481510 0.840741 0.100521 0.064815
0 0.703385 0.842593 0.100521 0.064815
0 0.593490 0.919907 0.100521 0.067593
0 0.779948 0.195370 0.100521 0.053704
1 0.383854 0.193519 0.100000 0.088889
0 0.888281 0.263426 0.105729 0.065741
0 0.891406 0.406019 0.100521 0.054630
1 0.376302 0.567130 0.106771 0.075000
1 0.366667 0.735648 0.109375 0.087963
1 0.362760 0.918056 0.110937 0.093519
0 0.480469 0.941204 0.101562 0.086111
0 0.381771 0.413426 0.108333 0.082407
1 0.365885 0.825463 0.110937 0.093519
1 0.702344 0.933796 0.109896 0.110185
0 0.811198 0.924074 0.108854 0.088889
0 0.810156 0.922222 0.108854 0.088889
0 0.914323 0.743519 0.108854 0.088889
0 0.922135 0.924074 0.108854 0.088889
0 0.808073 0.824074 0.108854 0.088889
1 0.805469 0.734722 0.105729 0.093519
0 0.915365 0.837963 0.108854 0.088889
