1 0.869271 0.092130 0.104167 0.071296
1 0.679948 0.115278 0.094271 0.078704
0 0.389844 0.121759 0.103646 0.056481
1 0.582031 0.118519 0.092188 0.075926
1 0.489063 0.124074 0.100000 0.094444
0 0.774219 0.163426 0.090104 0.080556
0 0.678385 0.193056 0.099479 0.082407
0 0.574740 0.198148 0.103646 0.055556
0 0.477344 0.207870 0.103646 0.054630
0 0.780729 0.236111 0.103125 0.079630
0 0.879948 0.231019 0.101562 0.075000
0 0.686198 0.268056 0.097396 0.076852
1 0.380469 0.271759 0.105729 0.067593
1 0.587240 0.272685 0.096354 0.075000
0 0.484115 0.281481 0.103646 0.055556
0 0.785156 0.314352 0.102604 0.086111
0 0.884635 0.314352 0.105729 0.080556
1 0.680729 0.338426 0.102083 0.075000
0 0.588802 0.343981 0.103646 0.056481
1 0.488542 0.349074 0.105208 0.070370
0 0.789844 0.388889 0.099479 0.074074
0 0.890625 0.388889 0.104167 0.074074
0 0.687240 0.409722 0.102604 0.073148
0 0.585156 0.418981 0.103646 0.056481
0 0.482292 0.423611 0.102083 0.076852
0 0.685156 0.493056 0.097396 0.084259
1 0.579948 0.501389 0.098437 0.082407
0 0.474219 0.502315 0.102604 0.071296
0 0.792448 0.549537 0.100521 0.084259
0 0.897917 0.544907 0.107292 0.078704
0 0.689063 0.562500 0.100000 0.069444
1 0.374219 0.573611 0.103646 0.058333
0 0.583594 0.575926 0.103646 0.059259
1 0.477865 0.578704 0.103646 0.077778
1 0.692448 0.651852 0.104688 0.085185
0 0.799479 0.635648 0.102083 0.095370
1 0.362760 0.655093 0.103646 0.060185
0 0.586198 0.656481 0.103646 0.059259
0 0.906250 0.651389 0.108333 0.089815
0 0.474740 0.669444 0.103646 0.059259
0 0.805208 0.732870 0.102083 0.078704
1 0.696094 0.733333 0.103646 0.061111
0 0.587760 0.741204 0.103646 0.062037
0 0.479948 0.753241 0.103646 0.062037
0 0.696094 0.820833 0.103646 0.063889
0 0.585677 0.828241 0.103646 0.063889
0 0.475260 0.840278 0.103646 0.063889
0 0.807031 0.833333 0.107813 0.094444
1 0.367708 0.929630 0.119792 0.098148
1 0.776042 0.090741 0.093750 0.079630
1 0.871094 0.165278 0.103646 0.058333
0 0.379427 0.193519 0.103646 0.055556
0 0.387760 0.340741 0.103646 0.055556
1 0.894271 0.466667 0.105208 0.085185
0 0.789844 0.461574 0.103646 0.056481
0 0.370052 0.492593 0.103646 0.057407
0 0.372135 0.741204 0.103646 0.062037
0 0.366406 0.825463 0.103646 0.063889
0 0.375781 0.416667 0.103646 0.057407
1 0.485417 0.928704 0.105208 0.094444
1 0.593750 0.923148 0.111458 0.103704
1 0.702865 0.914815 0.102604 0.094444
1 0.809896 0.933796 0.107292 0.095370
1 0.926823 0.941667 0.111979 0.092593
1 0.916146 0.852778 0.111458 0.077778
0 0.913021 0.742130 0.108333 0.089815
