0 0.484375 0.118056 0.101042 0.086111
0 0.582292 0.108796 0.096875 0.060185
1 0.777604 0.129167 0.085417 0.076852
1 0.389844 0.120833 0.101562 0.084259
1 0.682031 0.123148 0.098437 0.083333
1 0.483594 0.189352 0.103646 0.054630
0 0.877344 0.186111 0.106771 0.066667
1 0.582031 0.190278 0.103646 0.056481
0 0.679948 0.206944 0.103646 0.056481
0 0.885677 0.255093 0.104688 0.062037
1 0.488021 0.262963 0.100000 0.077778
1 0.583594 0.261574 0.103646 0.056481
0 0.781510 0.268056 0.103646 0.056481
0 0.683073 0.277778 0.103646 0.053704
0 0.892969 0.335185 0.104688 0.068519
0 0.484115 0.333796 0.103646 0.056481
0 0.584635 0.336111 0.103646 0.055556
0 0.785156 0.340278 0.097396 0.067593
1 0.384635 0.353241 0.103646 0.060185
0 0.685677 0.352778 0.103646 0.055556
0 0.482552 0.406944 0.103646 0.056481
0 0.584635 0.410648 0.103646 0.056481
0 0.789583 0.420833 0.104167 0.069444
1 0.380469 0.423611 0.103646 0.060185
0 0.687240 0.428241 0.103646 0.056481
1 0.481771 0.497222 0.102083 0.081481
1 0.900260 0.496759 0.113021 0.080556
1 0.584635 0.487963 0.103646 0.057407
0 0.794531 0.490741 0.103646 0.057407
0 0.689844 0.505093 0.103646 0.058333
0 0.581510 0.568056 0.103646 0.058333
0 0.796615 0.570370 0.103646 0.057407
0 0.901823 0.573611 0.103646 0.058333
1 0.476302 0.576389 0.103646 0.058333
0 0.688802 0.584722 0.103646 0.058333
1 0.584635 0.649537 0.103646 0.060185
1 0.477865 0.658333 0.103646 0.059259
0 0.796875 0.651389 0.103125 0.076852
1 0.691667 0.661111 0.102083 0.081481
0 0.906250 0.660185 0.104167 0.081481
0 0.589323 0.734259 0.103646 0.061111
0 0.806510 0.737963 0.103646 0.061111
0 0.474740 0.742593 0.103646 0.061111
0 0.697135 0.746296 0.105729 0.085185
1 0.912500 0.741667 0.106250 0.087037
0 0.586719 0.820370 0.103646 0.062963
0 0.810156 0.824537 0.103646 0.063889
0 0.474740 0.830093 0.103646 0.063889
0 0.591406 0.912037 0.103646 0.066667
0 0.472135 0.930093 0.117188 0.078704
1 0.869010 0.115741 0.103646 0.057407
0 0.777344 0.195370 0.103646 0.053704
0 0.383073 0.207870 0.103646 0.054630
1 0.384635 0.282407 0.099479 0.068519
0 0.903646 0.407407 0.126042 0.075926
1 0.377344 0.488889 0.102604 0.075926
0 0.369531 0.576389 0.103646 0.058333
0 0.371094 0.657870 0.103646 0.060185
1 0.366146 0.736574 0.103125 0.073148
1 0.361719 0.820833 0.108854 0.084259
0 0.366406 0.920370 0.103646 0.066667
1 0.703906 0.928241 0.116146 0.112037
1 0.701302 0.831944 0.116146 0.112037
0 0.812500 0.919907 0.121875 0.100926
0 0.927083 0.930093 0.121875 0.100926
0 0.919792 0.835648 0.121875 0.100926
