0 0.271875 0.076852 0.101042 0.077778
0 0.164844 0.075000 0.106771 0.072222
1 0.769792 0.111574 0.101042 0.071296
0 0.673438 0.128704 0.102083 0.057407
0 0.145573 0.143056 0.111979 0.073148
1 0.256771 0.148148 0.106250 0.068519
0 0.778646 0.191667 0.102083 0.055556
1 0.680208 0.200000 0.103125 0.070370
0 0.239323 0.215741 0.104688 0.074074
0 0.335156 0.250463 0.099479 0.071296
0 0.783854 0.265278 0.097917 0.076852
0 0.682292 0.268981 0.102083 0.054630
0 0.883854 0.278241 0.102083 0.071296
1 0.232813 0.291667 0.109375 0.072222
0 0.785937 0.339815 0.102083 0.057407
0 0.684896 0.343981 0.102083 0.056481
0 0.886979 0.353704 0.104167 0.077778
0 0.688542 0.418519 0.102083 0.057407
1 0.791406 0.422222 0.103646 0.083333
0 0.893490 0.425000 0.104688 0.077778
1 0.497917 0.434722 0.102083 0.076852
0 0.691667 0.495370 0.102083 0.057407
0 0.793750 0.499074 0.104167 0.075926
1 0.486198 0.513889 0.104688 0.092593
1 0.897656 0.503704 0.108854 0.079630
1 0.216927 0.522685 0.111979 0.089815
1 0.637500 0.583333 0.114583 0.111111
0 0.794531 0.577778 0.113021 0.081481
0 0.208333 0.607407 0.114583 0.075926
1 0.687760 0.659722 0.114062 0.087963
0 0.797135 0.669907 0.108854 0.102778
0 0.202083 0.692130 0.118750 0.086111
0 0.691927 0.745370 0.116146 0.081481
0 0.803125 0.758796 0.109375 0.089815
0 0.691927 0.830556 0.116146 0.090741
1 0.138021 0.218056 0.108333 0.076852
0 0.128125 0.294907 0.108333 0.073148
0 0.343750 0.327315 0.106250 0.082407
0 0.231250 0.368981 0.102083 0.056481
0 0.123958 0.371759 0.106250 0.071296
1 0.334375 0.411111 0.102083 0.081481
0 0.223958 0.443519 0.102083 0.057407
0 0.114583 0.447222 0.104167 0.070370
0 0.327604 0.483333 0.102083 0.057407
0 0.103646 0.525926 0.111458 0.068519
0 0.320052 0.562037 0.108854 0.087037
1 0.095312 0.609722 0.105208 0.073148
0 0.316667 0.667130 0.109375 0.089815
0 0.318490 0.755093 0.106771 0.076852
0 0.085677 0.818519 0.121354 0.085185
0 0.324479 0.832407 0.114583 0.079630
0 0.088802 0.700000 0.107813 0.079630
1 0.073698 0.912037 0.122396 0.100000
1 0.189062 0.925926 0.110417 0.101852
1 0.305990 0.929630 0.122396 0.100000
1 0.691146 0.924074 0.113542 0.087037
1 0.805208 0.933796 0.110417 0.087963
1 0.917708 0.933333 0.110417 0.088889
1 0.915365 0.839815 0.115104 0.085185
1 0.880729 0.206944 0.095833 0.069444
1 0.872396 0.123611 0.094792 0.095370
0 0.197656 0.830556 0.121354 0.085185
0 0.804688 0.842130 0.109375 0.089815
0 0.912500 0.755093 0.109375 0.089815
0 0.907292 0.666204 0.106250 0.080556
0 0.903906 0.585185 0.107813 0.092593
