1 0.771094 0.113426 0.097396 0.067593
0 0.669271 0.102315 0.097917 0.106481
1 0.477083 0.124537 0.092708 0.075000
0 0.583854 0.116667 0.089583 0.112963
1 0.872396 0.122222 0.096875 0.096296
0 0.777604 0.188889 0.093750 0.068519
1 0.680208 0.200000 0.102083 0.055556
0 0.480729 0.201389 0.095833 0.062037
0 0.581250 0.206019 0.102083 0.056481
1 0.878646 0.207407 0.101042 0.081481
0 0.779167 0.259259 0.095833 0.072222
1 0.385677 0.266204 0.101562 0.073148
0 0.684375 0.274537 0.102083 0.054630
0 0.881771 0.282407 0.101042 0.068519
0 0.486719 0.273611 0.096354 0.065741
1 0.588021 0.274074 0.096875 0.077778
0 0.784896 0.341667 0.103125 0.079630
0 0.684896 0.344907 0.102083 0.056481
0 0.583854 0.346759 0.102083 0.056481
0 0.887500 0.351852 0.102083 0.055556
1 0.485156 0.346759 0.098437 0.069444
0 0.682813 0.420370 0.102083 0.057407
0 0.580208 0.421759 0.102083 0.056481
1 0.785417 0.421759 0.102083 0.056481
0 0.480469 0.429630 0.099479 0.087037
0 0.892448 0.421759 0.103646 0.080556
0 0.689844 0.493056 0.104688 0.080556
1 0.580729 0.494907 0.098958 0.069444
0 0.793490 0.499537 0.100521 0.073148
0 0.475521 0.506019 0.102083 0.056481
1 0.897917 0.503704 0.101042 0.074074
1 0.367448 0.568519 0.107813 0.074074
1 0.692448 0.576852 0.100521 0.072222
0 0.581771 0.579167 0.102083 0.058333
1 0.475521 0.576852 0.103125 0.075926
0 0.798177 0.576852 0.104688 0.081481
1 0.360677 0.653241 0.104688 0.089815
0 0.580208 0.660648 0.102083 0.060185
1 0.690365 0.656481 0.104688 0.088889
0 0.473438 0.668056 0.102083 0.060185
0 0.798958 0.663426 0.111458 0.091667
0 0.692708 0.744444 0.102083 0.061111
0 0.473958 0.752315 0.102083 0.062037
0 0.582812 0.744907 0.102083 0.062037
0 0.802344 0.751852 0.114062 0.090741
0 0.697396 0.831019 0.102083 0.063889
0 0.584896 0.831481 0.102083 0.062963
0 0.474479 0.840278 0.102083 0.063889
0 0.809115 0.842130 0.109896 0.089815
1 0.375521 0.117593 0.095833 0.077778
0 0.366146 0.192130 0.100000 0.058333
0 0.383333 0.340741 0.102083 0.055556
0 0.377083 0.416204 0.102083 0.056481
0 0.371875 0.492593 0.102083 0.057407
0 0.901302 0.586574 0.100521 0.080556
0 0.367188 0.740741 0.102083 0.061111
0 0.366146 0.826389 0.102083 0.063889
1 0.350781 0.923148 0.123438 0.085185
1 0.586719 0.921296 0.109896 0.100000
1 0.695833 0.919907 0.114583 0.087963
1 0.812240 0.933796 0.114062 0.091667
1 0.920312 0.932407 0.111458 0.087037
1 0.916667 0.843519 0.114583 0.087037
1 0.473438 0.925463 0.111458 0.091667
0 0.907552 0.668056 0.109896 0.080556
0 0.911719 0.751852 0.114062 0.090741
