1 0.877344 0.119907 0.104688 0.075000
0 0.394792 0.135185 0.104167 0.057407
0 0.495312 0.119907 0.094792 0.078704
1 0.781250 0.183796 0.092708 0.067593
0 0.586979 0.196759 0.104167 0.056481
0 0.488542 0.209722 0.104167 0.054630
0 0.879948 0.200000 0.102604 0.064815
1 0.686198 0.256481 0.093229 0.079630
1 0.787760 0.260185 0.098437 0.072222
0 0.587500 0.268519 0.104167 0.053704
0 0.885417 0.265278 0.103125 0.073148
0 0.388021 0.281944 0.104167 0.054630
0 0.488542 0.281944 0.104167 0.054630
1 0.691667 0.331481 0.108333 0.074074
0 0.789062 0.325000 0.104167 0.055556
0 0.590104 0.342593 0.104167 0.055556
0 0.890104 0.342593 0.105208 0.077778
0 0.489583 0.356944 0.104167 0.056481
1 0.690885 0.409259 0.102604 0.079630
1 0.795312 0.399537 0.098958 0.076852
0 0.587500 0.418056 0.096875 0.078704
0 0.895052 0.416667 0.103646 0.070370
0 0.485677 0.424537 0.106771 0.078704
1 0.692969 0.484722 0.107813 0.080556
1 0.798177 0.477778 0.102604 0.079630
0 0.587760 0.500463 0.100521 0.071296
0 0.902083 0.493519 0.106250 0.081481
1 0.479167 0.498611 0.104167 0.073148
1 0.695833 0.563889 0.108333 0.083333
0 0.801302 0.562500 0.107813 0.073148
0 0.591667 0.581944 0.109375 0.075000
1 0.486458 0.579630 0.100000 0.070370
1 0.701042 0.646759 0.104167 0.084259
0 0.807813 0.635185 0.104167 0.059259
0 0.591406 0.656481 0.100521 0.085185
1 0.486458 0.662963 0.104167 0.068519
1 0.914583 0.652778 0.107292 0.085185
0 0.704167 0.718519 0.104167 0.061111
1 0.809115 0.724074 0.111979 0.088889
1 0.698698 0.726852 0.103646 0.081481
0 0.577865 0.737963 0.104688 0.075926
0 0.468750 0.752315 0.104167 0.062037
1 0.920052 0.734259 0.113021 0.094444
0 0.359375 0.755093 0.104167 0.062037
1 0.810937 0.811111 0.113542 0.072222
1 0.696354 0.814352 0.113542 0.075000
0 0.581510 0.820370 0.107813 0.075926
0 0.357552 0.839352 0.113021 0.078704
0 0.923698 0.825463 0.107813 0.093519
0 0.469792 0.837963 0.104167 0.081481
0 0.581250 0.921296 0.111458 0.090741
0 0.927083 0.916667 0.116667 0.096296
0 0.387500 0.206019 0.104167 0.056481
0 0.380208 0.355093 0.104167 0.054630
0 0.376563 0.429167 0.104167 0.054630
0 0.375000 0.506944 0.104167 0.056481
0 0.909115 0.575926 0.101562 0.079630
0 0.383333 0.586574 0.104167 0.058333
0 0.365625 0.669907 0.104167 0.060185
0 0.350260 0.931019 0.113021 0.078704
0 0.464583 0.935185 0.104167 0.081481
1 0.691146 0.898148 0.104167 0.081481
0 0.805990 0.895370 0.113021 0.092593
0 0.592187 0.117593 0.091667 0.077778
1 0.690365 0.108333 0.099479 0.083333
1 0.686198 0.184722 0.099479 0.082407
1 0.775521 0.111111 0.080208 0.072222
