1 0.391667 0.115741 0.102083 0.088889
0 0.583594 0.123148 0.100521 0.057407
0 0.488542 0.111574 0.094792 0.078704
1 0.878906 0.124074 0.102604 0.087037
1 0.776563 0.127778 0.101042 0.087037
1 0.680469 0.134722 0.100521 0.054630
0 0.388281 0.190278 0.100521 0.054630
0 0.874740 0.188889 0.100521 0.051852
0 0.584115 0.195833 0.100521 0.054630
0 0.778906 0.196759 0.100521 0.052778
0 0.681510 0.204630 0.100521 0.053704
1 0.386198 0.258796 0.100521 0.054630
0 0.879948 0.259259 0.100521 0.053704
0 0.782552 0.268056 0.100521 0.054630
0 0.584635 0.269907 0.100521 0.054630
1 0.490365 0.265741 0.102604 0.088889
0 0.683594 0.276389 0.100521 0.052778
0 0.885677 0.330556 0.100521 0.051852
0 0.786719 0.340278 0.100521 0.054630
0 0.485677 0.335648 0.098437 0.080556
1 0.585677 0.344907 0.100521 0.056481
0 0.686198 0.356481 0.100521 0.055556
1 0.382031 0.400000 0.100521 0.059259
0 0.890365 0.407407 0.100521 0.053704
0 0.790365 0.415278 0.100521 0.056481
0 0.585677 0.419444 0.100521 0.057407
0 0.484896 0.409259 0.098958 0.083333
0 0.688281 0.431481 0.100521 0.055556
1 0.378125 0.483333 0.097917 0.083333
1 0.897396 0.490741 0.104167 0.072222
0 0.794531 0.490278 0.100521 0.056481
1 0.486458 0.495370 0.101042 0.092593
1 0.587240 0.496296 0.100521 0.057407
0 0.691406 0.509259 0.100521 0.057407
1 0.379167 0.558333 0.098958 0.075926
0 0.901302 0.562037 0.100521 0.055556
0 0.797656 0.568519 0.100521 0.057407
0 0.588802 0.575926 0.100521 0.059259
1 0.483854 0.575000 0.100000 0.090741
0 0.693490 0.587500 0.100521 0.058333
1 0.375000 0.639352 0.114583 0.095370
0 0.802865 0.650463 0.100521 0.058333
1 0.480990 0.654167 0.105729 0.082407
0 0.589844 0.655556 0.100521 0.059259
0 0.907813 0.651389 0.109375 0.089815
1 0.695833 0.659259 0.102083 0.083333
0 0.586198 0.740741 0.100521 0.061111
0 0.478125 0.753704 0.101042 0.077778
0 0.696094 0.754630 0.100521 0.061111
0 0.805729 0.825463 0.111458 0.076852
0 0.591406 0.826852 0.100521 0.062963
0 0.478125 0.832870 0.104167 0.075000
0 0.920052 0.834259 0.099479 0.083333
0 0.702865 0.842130 0.100521 0.063889
0 0.476562 0.930556 0.105208 0.074074
0 0.593490 0.917130 0.100521 0.065741
1 0.365625 0.929167 0.107292 0.097222
1 0.383594 0.329630 0.100521 0.059259
1 0.365104 0.736111 0.105208 0.103704
1 0.490104 0.187963 0.101042 0.064815
1 0.365104 0.832407 0.105208 0.103704
0 0.476562 0.743981 0.104167 0.075000
1 0.700000 0.937037 0.111458 0.100000
1 0.803646 0.738426 0.112500 0.082407
0 0.811719 0.918519 0.110937 0.090741
0 0.922135 0.925926 0.110937 0.090741
0 0.920052 0.744444 0.122396 0.101852
