1 0.873958 0.123148 0.098958 0.068519
0 0.582031 0.127315 0.100521 0.056481
1 0.388802 0.117130 0.098437 0.093519
0 0.484635 0.116204 0.098437 0.082407
1 0.775781 0.131481 0.100521 0.055556
1 0.678385 0.128704 0.101562 0.075926
0 0.876042 0.191667 0.105208 0.064815
1 0.482552 0.199074 0.100521 0.053704
1 0.580990 0.194907 0.100521 0.054630
0 0.777344 0.202778 0.100521 0.053704
0 0.678906 0.210185 0.100521 0.053704
0 0.878906 0.265278 0.106771 0.069444
1 0.480469 0.266204 0.100521 0.054630
1 0.578906 0.266204 0.100521 0.054630
0 0.777865 0.273611 0.100521 0.054630
1 0.381510 0.265741 0.099479 0.077778
0 0.678385 0.281481 0.100521 0.053704
0 0.885156 0.340741 0.105729 0.074074
0 0.582031 0.339352 0.100521 0.056481
0 0.481510 0.339815 0.100521 0.055556
0 0.783073 0.346759 0.100521 0.054630
0 0.682552 0.356019 0.100521 0.054630
0 0.482031 0.412963 0.100521 0.055556
0 0.583594 0.413426 0.100521 0.054630
0 0.789323 0.421296 0.100521 0.055556
0 0.686198 0.431019 0.100521 0.056481
1 0.901823 0.493519 0.114062 0.079630
1 0.596354 0.497222 0.101042 0.081481
1 0.490625 0.492130 0.097917 0.076852
1 0.792969 0.496296 0.100521 0.062963
1 0.695573 0.505093 0.100521 0.062037
0 0.903125 0.573611 0.106250 0.087963
0 0.793490 0.578241 0.102604 0.076852
0 0.579167 0.573148 0.105208 0.081481
1 0.369271 0.580093 0.103125 0.075000
1 0.477865 0.583333 0.100521 0.057407
0 0.688802 0.580093 0.100521 0.058333
1 0.584896 0.654630 0.101042 0.081481
0 0.798698 0.650000 0.100521 0.059259
1 0.691406 0.663426 0.098437 0.080556
1 0.477604 0.665741 0.100000 0.079630
0 0.904948 0.663889 0.099479 0.074074
0 0.588802 0.731019 0.100521 0.060185
0 0.807031 0.733333 0.100521 0.061111
1 0.367448 0.743981 0.115104 0.075000
0 0.480990 0.753704 0.100521 0.061111
1 0.913802 0.754167 0.100521 0.056481
0 0.696615 0.750463 0.104688 0.087963
0 0.591406 0.816667 0.100521 0.062963
0 0.805469 0.828704 0.104688 0.083333
1 0.363281 0.831019 0.107813 0.080556
0 0.919271 0.831944 0.100000 0.080556
0 0.482031 0.841667 0.100521 0.062963
0 0.593490 0.907870 0.100521 0.065741
0 0.361719 0.932407 0.109896 0.114815
0 0.477344 0.929167 0.110937 0.093519
0 0.383854 0.191667 0.100000 0.081481
0 0.381510 0.353241 0.100521 0.054630
0 0.896094 0.413426 0.114062 0.069444
0 0.380990 0.418056 0.100521 0.054630
0 0.390365 0.496759 0.100521 0.056481
0 0.373177 0.660648 0.100521 0.058333
1 0.696094 0.835648 0.104688 0.087963
1 0.698698 0.932870 0.104688 0.087963
0 0.807552 0.911111 0.104688 0.083333
0 0.922917 0.928241 0.115625 0.089815
