1 0.877865 0.122685 0.102604 0.076852
1 0.776302 0.122222 0.099479 0.075926
0 0.580469 0.128704 0.100521 0.055556
1 0.382812 0.121759 0.106250 0.095370
0 0.483073 0.136574 0.100521 0.054630
1 0.680469 0.124074 0.101562 0.098148
0 0.876302 0.186574 0.100521 0.054630
0 0.583594 0.198611 0.100521 0.056481
0 0.486198 0.205556 0.100521 0.053704
0 0.681510 0.206481 0.100521 0.053704
0 0.883333 0.259259 0.105208 0.066667
0 0.778906 0.261574 0.092188 0.076852
1 0.588021 0.269907 0.098958 0.073148
0 0.485156 0.279630 0.100521 0.055556
1 0.384896 0.275926 0.101042 0.077778
0 0.684115 0.287963 0.100521 0.053704
0 0.886719 0.330093 0.100521 0.054630
0 0.785677 0.345833 0.106771 0.078704
0 0.576823 0.344444 0.100521 0.055556
1 0.375260 0.341667 0.106771 0.072222
1 0.476302 0.352778 0.100521 0.055556
1 0.681510 0.357870 0.100521 0.058333
0 0.785677 0.422222 0.103646 0.083333
0 0.586719 0.418519 0.100521 0.055556
0 0.484635 0.431019 0.100521 0.056481
0 0.689323 0.431019 0.100521 0.056481
1 0.898958 0.492593 0.105208 0.083333
0 0.791146 0.497222 0.100000 0.074074
1 0.588021 0.506019 0.102083 0.076852
1 0.482812 0.504630 0.098958 0.090741
0 0.691927 0.508333 0.100521 0.057407
0 0.903385 0.570833 0.103646 0.080556
0 0.794010 0.577778 0.102604 0.092593
0 0.588802 0.575926 0.100521 0.059259
0 0.694010 0.588889 0.100521 0.059259
1 0.483594 0.583796 0.104688 0.073148
0 0.800521 0.650463 0.103125 0.084259
0 0.589844 0.656944 0.100521 0.060185
1 0.482812 0.662963 0.103125 0.077778
0 0.909635 0.653704 0.113021 0.077778
1 0.695833 0.665278 0.103125 0.076852
0 0.586719 0.742593 0.100521 0.061111
0 0.477865 0.753241 0.100521 0.062037
0 0.696615 0.756481 0.100521 0.061111
0 0.805469 0.828704 0.114062 0.090741
0 0.591927 0.828704 0.100521 0.062963
0 0.703385 0.843056 0.100521 0.063889
0 0.477865 0.831944 0.109896 0.086111
0 0.593490 0.920370 0.100521 0.066667
0 0.479427 0.930556 0.114062 0.101852
0 0.779427 0.195370 0.100521 0.053704
1 0.387500 0.197222 0.105208 0.087037
0 0.891406 0.406481 0.100521 0.055556
1 0.380469 0.495833 0.100521 0.056481
1 0.374479 0.573611 0.107292 0.084259
1 0.372656 0.647222 0.111979 0.079630
1 0.365104 0.734722 0.111458 0.082407
1 0.362500 0.923148 0.117708 0.109259
0 0.383073 0.418981 0.100521 0.056481
1 0.364063 0.834259 0.117708 0.109259
1 0.700781 0.928704 0.109896 0.105556
0 0.810677 0.930556 0.109896 0.114815
0 0.924219 0.933333 0.114062 0.090741
0 0.922135 0.844444 0.114062 0.090741
0 0.914323 0.749074 0.114062 0.090741
1 0.805990 0.740741 0.106771 0.092593
