0 0.160417 0.073611 0.105208 0.069444
1 0.769531 0.118056 0.101562 0.056481
0 0.673698 0.127778 0.101562 0.057407
1 0.250260 0.150463 0.105729 0.076852
0 0.778906 0.191204 0.101562 0.054630
1 0.680469 0.198148 0.101562 0.055556
0 0.236458 0.216204 0.108333 0.073148
1 0.133333 0.219907 0.103125 0.075000
0 0.782031 0.261111 0.101562 0.057407
0 0.682552 0.268519 0.101562 0.055556
0 0.885677 0.279167 0.102604 0.067593
1 0.233854 0.291667 0.105208 0.072222
0 0.128906 0.297222 0.105729 0.068519
0 0.346875 0.332407 0.105208 0.072222
0 0.788542 0.347685 0.096875 0.073148
0 0.685156 0.343981 0.101562 0.056481
0 0.889844 0.349074 0.100521 0.074074
0 0.683333 0.414815 0.105208 0.075926
1 0.794531 0.417593 0.098437 0.072222
0 0.894531 0.420833 0.103646 0.069444
0 0.225260 0.443519 0.101562 0.057407
1 0.518490 0.457407 0.103646 0.079630
0 0.329427 0.483796 0.104688 0.071296
0 0.689063 0.489815 0.106250 0.074074
0 0.797656 0.498148 0.099479 0.075926
1 0.215104 0.522222 0.115625 0.075926
1 0.636458 0.587500 0.115625 0.110185
0 0.792969 0.578704 0.108854 0.077778
0 0.208594 0.606944 0.115104 0.076852
1 0.688542 0.659259 0.109375 0.090741
0 0.320573 0.668519 0.105729 0.085185
0 0.800260 0.668056 0.114062 0.091667
0 0.201042 0.699074 0.114583 0.087037
0 0.692708 0.741204 0.114583 0.075000
0 0.316667 0.753704 0.110417 0.085185
0 0.802865 0.758796 0.108854 0.089815
0 0.690885 0.828241 0.117188 0.086111
0 0.146354 0.145370 0.106250 0.068519
1 0.363021 0.186574 0.095833 0.108333
0 0.338281 0.253704 0.100521 0.072222
0 0.230208 0.365741 0.103125 0.068519
0 0.122656 0.370370 0.107813 0.072222
1 0.334375 0.403704 0.103125 0.072222
0 0.115625 0.446296 0.109375 0.072222
1 0.106250 0.520833 0.105208 0.076852
0 0.325260 0.564815 0.107813 0.072222
1 0.099219 0.609259 0.103646 0.077778
0 0.082812 0.823148 0.113542 0.088889
0 0.325521 0.832407 0.115625 0.077778
1 0.074479 0.918056 0.115625 0.080556
1 0.185938 0.926389 0.110417 0.089815
0 0.088281 0.700463 0.114062 0.076852
1 0.896615 0.505093 0.104688 0.087963
1 0.879687 0.205556 0.100000 0.075926
1 0.871615 0.121759 0.100521 0.102778
1 0.916667 0.841204 0.110417 0.089815
1 0.915625 0.932870 0.110417 0.089815
1 0.804167 0.935185 0.106250 0.085185
1 0.689844 0.924074 0.115104 0.092593
1 0.303385 0.927778 0.120313 0.087037
0 0.196875 0.831481 0.127083 0.081481
0 0.271354 0.081944 0.105208 0.069444
0 0.808073 0.842130 0.108854 0.089815
0 0.915885 0.753241 0.108854 0.089815
0 0.908073 0.668981 0.107813 0.078704
0 0.904167 0.585648 0.103125 0.086111
