0 0.530990 0.081481 0.091146 0.070370
0 0.432812 0.095833 0.092708 0.078704
0 0.333333 0.155093 0.092708 0.069444
1 0.632292 0.110648 0.095833 0.115741
0 0.531771 0.154630 0.091667 0.070370
0 0.432292 0.170833 0.091667 0.084259
0 0.636979 0.194444 0.101042 0.074074
1 0.332031 0.229630 0.098437 0.077778
1 0.536198 0.225926 0.097396 0.072222
0 0.433073 0.248611 0.094271 0.089815
1 0.329948 0.305093 0.094271 0.075000
1 0.537500 0.303704 0.100000 0.083333
0 0.230208 0.311111 0.098958 0.077778
1 0.432552 0.325926 0.097396 0.100000
1 0.641667 0.340278 0.098958 0.080556
1 0.328646 0.375926 0.105208 0.079630
0 0.532813 0.380556 0.100000 0.088889
1 0.635156 0.411111 0.102604 0.079630
1 0.327344 0.450000 0.103646 0.070370
0 0.532552 0.456481 0.099479 0.081481
1 0.648177 0.493056 0.105729 0.091667
0 0.428125 0.485185 0.100000 0.100000
0 0.324479 0.532407 0.100000 0.079630
0 0.537240 0.535648 0.103646 0.080556
1 0.428125 0.572222 0.104167 0.092593
0 0.642969 0.573148 0.104688 0.081481
0 0.104167 0.563426 0.100000 0.104630
1 0.534635 0.618056 0.105729 0.089815
0 0.642448 0.650000 0.106771 0.085185
0 0.092969 0.656019 0.104688 0.080556
0 0.530990 0.712963 0.107813 0.098148
1 0.309635 0.725926 0.105729 0.075926
0 0.667708 0.739815 0.112500 0.092593
0 0.546615 0.795370 0.111979 0.100000
1 0.658073 0.826852 0.110937 0.090741
0 0.194010 0.835648 0.108854 0.086111
0 0.417448 0.921759 0.108854 0.104630
1 0.338542 0.085185 0.088542 0.072222
1 0.144792 0.071296 0.096875 0.074074
0 0.136979 0.142130 0.098958 0.076852
0 0.234115 0.165741 0.096354 0.070370
1 0.135156 0.211111 0.101562 0.070370
0 0.234115 0.239815 0.097396 0.077778
1 0.649219 0.271759 0.096354 0.075000
0 0.125521 0.286574 0.103125 0.076852
0 0.121875 0.365741 0.109375 0.083333
0 0.223698 0.384722 0.098437 0.087963
0 0.120313 0.451389 0.113542 0.099074
0 0.431510 0.404167 0.096354 0.099074
0 0.215104 0.480556 0.101042 0.098148
0 0.215104 0.561574 0.112500 0.086111
1 0.317969 0.618056 0.109896 0.089815
0 0.427083 0.651389 0.102083 0.076852
1 0.200000 0.739815 0.115625 0.094444
0 0.418490 0.732870 0.106771 0.086111
0 0.086458 0.745370 0.108333 0.083333
1 0.307031 0.822685 0.115104 0.093519
0 0.422656 0.825000 0.109896 0.081481
0 0.079427 0.826389 0.102604 0.073148
0 0.075260 0.923611 0.105729 0.095370
0 0.188802 0.929630 0.114062 0.103704
0 0.240104 0.089815 0.093750 0.075926
0 0.205729 0.644907 0.114583 0.076852
0 0.304948 0.921759 0.117188 0.099074
1 0.533333 0.893519 0.112500 0.127778
0 0.674740 0.917593 0.118229 0.088889
