1 0.869792 0.111574 0.102083 0.056481
0 0.381771 0.122685 0.102083 0.056481
0 0.672396 0.124074 0.097917 0.070370
1 0.480729 0.123148 0.098958 0.081481
1 0.874479 0.179630 0.102083 0.053704
0 0.778125 0.192593 0.100000 0.062963
0 0.575521 0.201389 0.102083 0.054630
1 0.679167 0.201389 0.102083 0.054630
0 0.477604 0.206019 0.102083 0.054630
0 0.880208 0.252315 0.102083 0.054630
0 0.780729 0.256944 0.095833 0.071296
0 0.683854 0.272222 0.102083 0.055556
1 0.585938 0.275000 0.098958 0.072222
0 0.484896 0.279167 0.102083 0.054630
0 0.783854 0.330556 0.093750 0.074074
0 0.886458 0.341204 0.102083 0.054630
0 0.583854 0.346759 0.102083 0.056481
0 0.685417 0.345833 0.102083 0.056481
1 0.485677 0.345370 0.097396 0.070370
1 0.788281 0.406944 0.097396 0.069444
0 0.689063 0.421296 0.102083 0.057407
0 0.580208 0.421759 0.102083 0.056481
0 0.893490 0.416667 0.097396 0.072222
0 0.478125 0.428704 0.102083 0.055556
0 0.792969 0.480093 0.105729 0.087963
0 0.691667 0.497685 0.102083 0.058333
1 0.897396 0.491667 0.103125 0.070370
1 0.579167 0.500000 0.102083 0.057407
0 0.475521 0.506019 0.102083 0.056481
0 0.796094 0.567130 0.103646 0.089815
0 0.902083 0.569444 0.105208 0.075926
1 0.693229 0.577778 0.102083 0.059259
0 0.581771 0.579630 0.102083 0.059259
1 0.476562 0.575926 0.101042 0.079630
1 0.365104 0.653704 0.102083 0.059259
0 0.580208 0.660648 0.102083 0.060185
1 0.692187 0.657870 0.102083 0.060185
0 0.473958 0.658796 0.101042 0.078704
0 0.797656 0.667130 0.115104 0.091667
0 0.473698 0.743056 0.102604 0.082407
0 0.582812 0.745833 0.102083 0.062037
0 0.692708 0.754167 0.102083 0.062037
0 0.804688 0.758796 0.109375 0.082407
0 0.588021 0.831944 0.102083 0.063889
0 0.474219 0.827778 0.105729 0.090741
0 0.807292 0.843981 0.115625 0.089815
1 0.776302 0.107870 0.094271 0.078704
0 0.380208 0.193056 0.102083 0.054630
1 0.384896 0.275926 0.103125 0.074074
0 0.383333 0.341204 0.102083 0.056481
0 0.371354 0.492593 0.102083 0.057407
1 0.371875 0.572685 0.102083 0.058333
0 0.360417 0.744444 0.115625 0.070370
0 0.360156 0.824537 0.116146 0.082407
1 0.354167 0.918519 0.116667 0.101852
1 0.579427 0.124537 0.089063 0.069444
0 0.377083 0.416204 0.102083 0.056481
1 0.693750 0.836574 0.103125 0.093519
1 0.919531 0.851389 0.106771 0.082407
1 0.920573 0.946296 0.117188 0.088889
1 0.807813 0.939352 0.108333 0.093519
1 0.586458 0.924074 0.116667 0.101852
1 0.470833 0.921296 0.116667 0.101852
0 0.914323 0.762037 0.110937 0.088889
0 0.908594 0.672222 0.118229 0.085185
